s 5 5
s 8 4
s 15 2
s 18 1
s 23 7
s 24 3
s 42 8
s 44 2
s 48 1
s 50 1
s 53 1
s 54 1
s 55 5
s 67 7
s 70 5
s 71 8
s 79 3
s 84 4
s 89 5
s 90 7
s 99 10
1 4 8
1 9 7
1 11 7
1 12 1
1 13 6
1 14 6
1 18 5
1 19 3
1 20 1
1 21 3
1 22 10
1 24 4
1 25 6
1 26 7
1 29 3
1 45 7
1 47 2
1 49 10
1 59 5
1 64 6
1 75 8
1 77 3
1 80 7
1 83 9
1 90 10
1 91 4
2 3 10
2 16 6
2 21 6
2 25 2
2 27 1
2 30 6
2 32 3
2 33 2
2 37 10
2 45 5
2 46 1
2 50 4
2 51 6
2 53 3
2 54 9
2 55 4
2 58 3
2 61 10
2 66 2
2 67 6
2 71 5
2 74 3
2 77 4
2 79 9
2 86 4
2 88 6
2 89 4
2 91 4
2 95 9
2 98 8
2 99 3
3 2 10
3 4 10
3 9 3
3 13 7
3 15 7
3 17 9
3 22 1
3 24 5
3 31 7
3 38 2
3 39 1
3 40 2
3 44 9
3 46 6
3 47 9
3 49 9
3 50 2
3 57 10
3 58 6
3 60 3
3 65 2
3 66 5
3 69 5
3 70 10
3 73 4
3 74 9
3 80 2
3 86 1
3 90 8
4 1 8
4 3 10
4 8 5
4 9 4
4 11 8
4 14 7
4 18 3
4 20 7
4 21 10
4 23 5
4 31 7
4 34 10
4 36 1
4 38 9
4 45 5
4 49 8
4 50 10
4 51 1
4 52 8
4 53 9
4 56 4
4 58 3
4 59 5
4 64 2
4 66 8
4 67 4
4 69 6
4 70 6
4 71 5
4 74 7
4 75 9
4 79 4
4 80 5
4 81 6
4 82 1
4 84 9
4 86 7
4 89 8
4 94 8
4 95 9
4 96 8
4 97 10
4 99 1
5 16 2
5 18 7
5 22 5
5 31 1
5 33 7
5 34 10
5 36 5
5 37 2
5 40 4
5 45 5
5 49 7
5 54 3
5 59 7
5 62 10
5 70 10
5 75 2
5 76 8
5 78 4
5 81 9
5 83 5
5 87 1
5 94 5
5 96 7
6 7 6
6 10 3
6 14 2
6 16 2
6 25 6
6 28 5
6 29 6
6 30 6
6 33 6
6 37 1
6 40 3
6 46 2
6 47 6
6 48 7
6 51 1
6 52 8
6 54 6
6 57 7
6 58 5
6 61 3
6 70 10
6 73 3
6 79 9
6 80 3
6 84 5
6 86 1
6 87 3
6 91 7
6 99 10
7 6 6
7 10 3
7 14 9
7 15 10
7 19 6
7 20 2
7 22 9
7 23 1
7 29 8
7 30 7
7 32 2
7 33 3
7 36 6
7 39 2
7 47 8
7 52 3
7 54 7
7 62 6
7 67 5
7 68 2
7 78 9
7 79 4
7 84 2
7 85 1
7 89 4
7 91 5
7 97 7
8 4 5
8 9 10
8 15 3
8 17 3
8 21 9
8 26 1
8 28 5
8 29 5
8 30 8
8 31 8
8 35 10
8 40 6
8 43 8
8 46 10
8 50 5
8 52 9
8 53 9
8 55 9
8 58 6
8 59 6
8 63 7
8 66 6
8 67 2
8 68 1
8 69 5
8 70 3
8 71 2
8 79 1
8 88 1
8 90 9
8 91 6
8 93 5
8 95 3
8 96 5
8 99 6
9 1 7
9 3 3
9 4 4
9 8 10
9 11 8
9 12 9
9 19 8
9 20 6
9 25 4
9 34 5
9 35 6
9 37 2
9 38 9
9 40 9
9 41 5
9 42 2
9 43 10
9 51 4
9 55 9
9 57 10
9 62 4
9 64 3
9 66 2
9 68 8
9 69 5
9 79 10
9 83 9
9 85 10
9 90 5
9 95 1
10 6 3
10 7 3
10 11 7
10 13 1
10 14 6
10 32 7
10 33 5
10 34 2
10 39 5
10 42 2
10 51 6
10 53 10
10 62 4
10 64 10
10 66 1
10 68 8
10 78 4
10 81 10
10 83 1
10 85 3
10 89 3
10 90 6
10 93 3
10 94 10
10 97 6
11 1 7
11 4 8
11 9 8
11 10 7
11 14 7
11 21 7
11 25 10
11 26 8
11 30 3
11 31 1
11 35 8
11 40 2
11 42 8
11 47 8
11 58 3
11 67 10
11 79 3
11 80 8
11 82 4
11 87 10
11 88 2
11 91 9
11 93 6
12 1 1
12 9 9
12 13 2
12 17 2
12 19 1
12 20 2
12 21 3
12 22 2
12 24 4
12 28 10
12 33 8
12 34 4
12 35 4
12 49 3
12 55 7
12 57 4
12 67 2
12 69 6
12 70 2
12 72 8
12 74 4
12 76 2
12 78 10
12 83 9
12 86 8
12 90 3
12 92 10
12 94 1
13 1 6
13 3 7
13 10 1
13 12 2
13 16 6
13 17 1
13 18 10
13 19 1
13 26 2
13 29 9
13 33 4
13 34 6
13 35 10
13 38 7
13 46 9
13 47 7
13 57 7
13 60 5
13 61 8
13 62 3
13 64 7
13 65 8
13 67 10
13 68 2
13 76 1
13 86 3
13 88 7
13 89 8
13 91 7
13 92 4
13 94 8
13 95 5
13 96 9
14 1 6
14 4 7
14 6 2
14 7 9
14 10 6
14 11 7
14 18 3
14 21 9
14 22 9
14 23 3
14 27 9
14 35 8
14 45 8
14 47 10
14 50 4
14 54 2
14 61 1
14 64 4
14 67 4
14 68 5
14 69 10
14 71 4
14 72 2
14 73 10
14 76 1
14 78 10
14 80 3
14 90 7
14 93 3
15 3 7
15 7 10
15 8 3
15 16 5
15 17 2
15 19 2
15 20 3
15 21 5
15 25 3
15 29 3
15 30 3
15 37 9
15 38 5
15 42 3
15 44 9
15 45 10
15 54 5
15 57 6
15 65 9
15 68 3
15 71 7
15 75 7
15 81 2
15 83 10
15 84 10
15 86 10
15 88 3
15 89 3
15 91 8
15 94 7
15 97 10
15 99 3
16 2 6
16 5 2
16 6 2
16 13 6
16 15 5
16 19 1
16 20 1
16 23 8
16 26 1
16 29 8
16 33 5
16 40 6
16 42 3
16 43 6
16 44 1
16 45 9
16 49 5
16 54 9
16 61 2
16 71 7
16 75 7
16 80 8
16 90 7
16 91 9
16 96 8
16 97 1
17 3 9
17 8 3
17 12 2
17 13 1
17 15 2
17 25 5
17 28 4
17 35 10
17 49 1
17 51 1
17 53 1
17 54 10
17 57 4
17 59 4
17 61 3
17 68 5
17 70 5
17 71 6
17 74 9
17 78 9
17 80 2
17 82 6
17 95 8
18 1 5
18 4 3
18 5 7
18 13 10
18 14 3
18 25 6
18 27 5
18 29 9
18 30 1
18 32 4
18 34 8
18 41 3
18 44 1
18 47 7
18 51 1
18 56 7
18 58 6
18 64 1
18 65 3
18 66 5
18 77 8
18 79 1
18 80 1
18 87 4
18 94 4
18 95 9
19 1 3
19 7 6
19 9 8
19 12 1
19 13 1
19 15 2
19 16 1
19 22 6
19 29 4
19 36 2
19 42 8
19 45 4
19 49 3
19 52 5
19 56 2
19 58 9
19 59 5
19 62 7
19 63 8
19 65 7
19 67 2
19 70 1
19 86 2
19 99 2
20 1 1
20 4 7
20 7 2
20 9 6
20 12 2
20 15 3
20 16 1
20 29 9
20 32 10
20 43 8
20 51 5
20 54 2
20 57 7
20 59 5
20 60 6
20 70 6
20 73 4
20 79 1
20 81 7
20 82 2
20 83 2
20 86 4
20 91 7
20 92 2
20 95 9
20 99 2
21 1 3
21 2 6
21 4 10
21 8 9
21 11 7
21 12 3
21 14 9
21 15 5
21 22 3
21 23 5
21 26 1
21 32 8
21 33 7
21 35 9
21 36 3
21 38 5
21 41 8
21 46 1
21 47 3
21 56 2
21 58 8
21 60 8
21 69 8
21 72 3
21 73 7
21 74 9
21 79 4
21 82 9
21 83 8
21 87 5
21 97 1
22 1 10
22 3 1
22 5 5
22 7 9
22 12 2
22 14 9
22 19 6
22 21 3
22 25 8
22 32 6
22 33 10
22 35 9
22 39 8
22 48 2
22 49 9
22 51 6
22 52 9
22 54 6
22 55 7
22 58 10
22 60 9
22 62 1
22 67 4
22 69 8
22 71 9
22 73 1
22 74 2
22 76 1
22 82 5
22 88 1
22 94 8
22 95 8
22 97 9
22 99 5
23 4 5
23 7 1
23 14 3
23 16 8
23 21 5
23 29 7
23 31 6
23 32 5
23 33 10
23 35 1
23 37 3
23 38 7
23 40 10
23 42 10
23 45 4
23 51 5
23 55 2
23 60 5
23 66 8
23 68 5
23 71 7
23 78 4
23 89 4
23 96 8
23 98 1
23 99 3
24 1 4
24 3 5
24 12 4
24 25 3
24 26 10
24 27 6
24 29 7
24 35 6
24 46 5
24 49 2
24 50 3
24 52 8
24 54 6
24 55 4
24 61 8
24 63 2
24 66 9
24 68 7
24 70 6
24 73 2
24 74 4
24 78 10
24 87 5
24 89 3
24 95 8
24 99 4
25 1 6
25 2 2
25 6 6
25 9 4
25 11 10
25 15 3
25 17 5
25 18 6
25 22 8
25 24 3
25 26 2
25 27 7
25 29 1
25 31 3
25 33 1
25 36 10
25 47 2
25 48 6
25 49 3
25 51 4
25 53 5
25 55 2
25 56 9
25 61 5
25 62 3
25 65 1
25 67 9
25 72 6
25 76 2
25 77 7
25 81 1
25 84 4
25 85 5
25 89 10
25 92 7
25 93 6
25 95 9
25 99 4
26 1 7
26 8 1
26 11 8
26 13 2
26 16 1
26 21 1
26 24 10
26 25 2
26 34 7
26 37 3
26 41 6
26 43 5
26 44 6
26 54 7
26 63 2
26 64 8
26 66 2
26 69 2
26 73 1
26 76 2
26 77 5
26 83 4
26 92 4
26 95 1
27 2 1
27 14 9
27 18 5
27 24 6
27 25 7
27 29 4
27 31 4
27 32 10
27 35 1
27 37 2
27 41 9
27 45 10
27 50 10
27 56 2
27 57 10
27 58 8
27 62 8
27 64 9
27 66 1
27 67 6
27 69 4
27 83 9
27 87 5
27 88 10
27 89 10
27 90 6
27 97 2
27 99 7
28 6 5
28 8 5
28 12 10
28 17 4
28 30 1
28 34 4
28 37 5
28 41 9
28 42 5
28 50 3
28 54 10
28 59 4
28 60 3
28 61 9
28 65 3
28 71 7
28 75 1
28 80 10
28 85 4
28 86 4
28 88 10
28 89 4
28 90 4
28 92 9
28 94 10
28 99 1
29 1 3
29 6 6
29 7 8
29 8 5
29 13 9
29 15 3
29 16 8
29 18 9
29 19 4
29 20 9
29 23 7
29 24 7
29 25 1
29 27 4
29 30 3
29 31 8
29 36 1
29 45 6
29 54 7
29 58 8
29 59 7
29 60 6
29 61 10
29 63 4
29 64 10
29 71 4
29 74 7
29 89 1
29 92 4
30 2 6
30 6 6
30 7 7
30 8 8
30 11 3
30 15 3
30 18 1
30 28 1
30 29 3
30 33 9
30 34 6
30 35 9
30 41 1
30 44 8
30 50 8
30 51 6
30 52 5
30 53 10
30 62 5
30 63 2
30 64 1
30 66 3
30 69 8
30 71 3
30 73 3
30 75 8
30 79 9
30 80 2
30 84 5
30 88 4
30 89 4
30 97 10
30 98 7
31 3 7
31 4 7
31 5 1
31 8 8
31 11 1
31 23 6
31 25 3
31 27 4
31 29 8
31 33 3
31 37 9
31 41 8
31 47 8
31 52 7
31 54 5
31 57 5
31 68 5
31 71 8
31 75 7
31 80 5
31 82 2
31 85 9
31 88 2
31 91 10
31 94 7
32 2 3
32 7 2
32 10 7
32 18 4
32 20 10
32 21 8
32 22 6
32 23 5
32 27 10
32 35 4
32 38 2
32 39 4
32 40 4
32 41 1
32 43 8
32 47 9
32 49 3
32 52 10
32 60 9
32 66 6
32 67 5
32 68 6
32 72 9
32 73 10
32 81 1
32 85 3
32 87 7
32 88 3
32 91 1
32 98 6
33 2 2
33 5 7
33 6 6
33 7 3
33 10 5
33 12 8
33 13 4
33 16 5
33 21 7
33 22 10
33 23 10
33 25 1
33 30 9
33 31 3
33 37 2
33 42 6
33 45 3
33 46 4
33 49 6
33 53 10
33 58 10
33 63 6
33 64 1
33 70 1
33 71 8
33 75 7
33 76 5
33 84 4
33 86 10
33 87 3
33 90 1
33 91 10
33 93 1
33 94 3
34 4 10
34 5 10
34 9 5
34 10 2
34 12 4
34 13 6
34 18 8
34 26 7
34 28 4
34 30 6
34 35 4
34 40 4
34 41 4
34 42 10
34 51 7
34 65 1
34 66 9
34 71 4
34 77 9
34 81 8
34 87 8
34 91 3
34 92 1
35 8 10
35 9 6
35 11 8
35 12 4
35 13 10
35 14 8
35 17 10
35 21 9
35 22 9
35 23 1
35 24 6
35 27 1
35 30 9
35 32 4
35 34 4
35 37 5
35 41 4
35 46 3
35 53 4
35 56 10
35 62 6
35 64 7
35 72 8
35 75 4
35 76 2
35 79 1
35 81 8
35 84 8
35 87 4
35 88 5
35 89 8
35 90 8
35 91 8
35 93 8
35 95 2
35 97 10
35 98 2
36 4 1
36 5 5
36 7 6
36 19 2
36 21 3
36 25 10
36 29 1
36 37 10
36 38 2
36 39 3
36 41 8
36 45 4
36 46 7
36 47 2
36 58 5
36 65 5
36 66 4
36 67 7
36 68 1
36 69 9
36 72 9
36 84 3
36 87 9
36 89 7
36 94 5
36 98 10
36 99 6
37 2 10
37 5 2
37 6 1
37 9 2
37 15 9
37 23 3
37 26 3
37 27 2
37 28 5
37 31 9
37 33 2
37 35 5
37 36 10
37 39 8
37 40 2
37 42 1
37 48 8
37 51 5
37 54 2
37 55 4
37 56 8
37 59 3
37 66 9
37 68 1
37 71 4
37 73 2
37 75 6
37 76 10
37 78 6
37 82 8
37 88 8
37 89 7
37 92 1
37 96 8
37 97 1
37 98 2
38 3 2
38 4 9
38 9 9
38 13 7
38 15 5
38 21 5
38 23 7
38 32 2
38 36 2
38 42 6
38 43 8
38 46 4
38 47 1
38 48 6
38 49 5
38 52 8
38 53 7
38 57 3
38 66 4
38 67 10
38 68 4
38 75 6
38 81 1
38 82 7
38 84 6
38 87 8
38 88 3
38 90 10
38 93 8
38 95 7
38 97 6
39 3 1
39 7 2
39 10 5
39 22 8
39 32 4
39 36 3
39 37 8
39 50 3
39 56 6
39 57 4
39 59 8
39 61 5
39 64 8
39 68 2
39 69 5
39 70 1
39 72 9
39 78 9
39 85 10
39 87 8
39 88 7
39 94 8
39 95 2
39 96 10
39 98 10
40 3 2
40 5 4
40 6 3
40 8 6
40 9 9
40 11 2
40 16 6
40 23 10
40 32 4
40 34 4
40 37 2
40 41 10
40 42 5
40 45 5
40 47 2
40 49 9
40 55 7
40 62 9
40 65 10
40 70 5
40 71 1
40 73 6
40 78 5
40 79 4
40 83 7
40 84 7
40 86 6
40 87 1
40 96 4
41 9 5
41 18 3
41 21 8
41 26 6
41 27 9
41 28 9
41 30 1
41 31 8
41 32 1
41 34 4
41 35 4
41 36 8
41 40 10
41 45 1
41 48 9
41 49 2
41 51 7
41 52 4
41 53 2
41 54 10
41 60 10
41 61 7
41 67 8
41 68 8
41 69 5
41 72 2
41 74 7
41 75 2
41 76 5
41 79 7
41 80 10
41 81 3
41 82 6
41 83 10
41 86 8
41 88 10
41 95 5
41 96 1
41 97 5
41 98 10
41 99 4
42 9 2
42 10 2
42 11 8
42 15 3
42 16 3
42 19 8
42 23 10
42 28 5
42 33 6
42 34 10
42 37 1
42 38 6
42 40 5
42 61 6
42 68 8
42 71 1
42 74 3
42 76 9
42 83 2
42 84 6
42 93 7
42 98 1
43 8 8
43 9 10
43 16 6
43 20 8
43 26 5
43 32 8
43 38 8
43 46 8
43 51 2
43 54 2
43 56 10
43 58 4
43 67 6
43 69 6
43 70 10
43 72 5
43 82 8
43 83 8
43 87 4
43 91 6
43 93 4
43 95 8
44 3 9
44 15 9
44 16 1
44 18 1
44 26 6
44 30 8
44 47 9
44 53 1
44 57 4
44 58 3
44 59 7
44 61 2
44 62 6
44 63 7
44 75 7
44 79 8
44 84 8
44 86 1
44 92 9
45 1 7
45 2 5
45 4 5
45 5 5
45 14 8
45 15 10
45 16 9
45 19 4
45 23 4
45 27 10
45 29 6
45 33 3
45 36 4
45 40 5
45 41 1
45 54 2
45 60 1
45 64 7
45 66 6
45 69 7
45 70 5
45 71 9
45 78 2
45 80 9
45 83 10
45 85 10
45 88 3
45 90 5
45 91 2
46 2 1
46 3 6
46 6 2
46 8 10
46 13 9
46 21 1
46 24 5
46 33 4
46 35 3
46 36 7
46 38 4
46 43 8
46 48 7
46 50 1
46 55 5
46 59 6
46 62 6
46 63 3
46 66 4
46 67 1
46 68 9
46 70 2
46 71 7
46 77 6
46 79 7
46 81 7
46 82 6
46 85 2
46 87 4
46 90 8
46 98 2
47 1 2
47 3 9
47 6 6
47 7 8
47 11 8
47 13 7
47 14 10
47 18 7
47 21 3
47 25 2
47 31 8
47 32 9
47 36 2
47 38 1
47 40 2
47 44 9
47 53 5
47 54 10
47 56 4
47 60 9
47 63 5
47 65 4
47 70 8
47 72 8
47 75 3
47 77 8
47 80 2
47 81 5
47 83 2
47 84 2
47 86 5
47 90 10
47 92 10
47 95 9
47 97 9
48 6 7
48 22 2
48 25 6
48 37 8
48 38 6
48 41 9
48 46 7
48 51 9
48 55 2
48 56 3
48 62 3
48 68 6
48 72 1
48 75 4
48 76 7
48 80 10
48 82 6
48 88 1
48 97 5
48 98 1
49 1 10
49 3 9
49 4 8
49 5 7
49 12 3
49 16 5
49 17 1
49 19 3
49 22 9
49 24 2
49 25 3
49 32 3
49 33 6
49 38 5
49 40 9
49 41 2
49 55 2
49 59 8
49 72 2
49 74 6
49 76 2
49 79 6
49 81 9
49 83 6
49 92 1
49 93 5
49 96 3
49 97 5
49 99 8
50 2 4
50 3 2
50 4 10
50 8 5
50 14 4
50 24 3
50 27 10
50 28 3
50 30 8
50 39 3
50 46 1
50 52 6
50 54 3
50 55 9
50 56 1
50 57 3
50 58 6
50 59 2
50 64 3
50 66 1
50 70 7
50 72 10
50 74 10
50 75 4
50 90 2
50 91 4
50 94 5
50 95 9
51 2 6
51 4 1
51 6 1
51 9 4
51 10 6
51 17 1
51 18 1
51 20 5
51 22 6
51 23 5
51 25 4
51 30 6
51 34 7
51 37 5
51 41 7
51 43 2
51 48 9
51 53 10
51 56 10
51 63 7
51 66 2
51 67 10
51 68 5
51 70 8
51 75 10
51 79 1
51 83 7
51 86 3
51 88 3
51 92 4
51 94 10
52 4 8
52 6 8
52 7 3
52 8 9
52 19 5
52 22 9
52 24 8
52 30 5
52 31 7
52 32 10
52 38 8
52 41 4
52 50 6
52 53 8
52 54 6
52 56 9
52 64 7
52 65 6
52 68 10
52 69 8
52 73 5
52 74 7
52 75 10
52 77 3
52 78 9
52 79 8
52 87 1
52 90 3
52 91 10
52 93 10
53 2 3
53 4 9
53 8 9
53 10 10
53 17 1
53 25 5
53 30 10
53 33 10
53 35 4
53 38 7
53 41 2
53 44 1
53 47 5
53 51 10
53 52 8
53 54 8
53 55 6
53 61 2
53 67 10
53 68 1
53 73 6
53 81 2
53 92 3
53 96 8
53 99 5
54 2 9
54 5 3
54 6 6
54 7 7
54 14 2
54 15 5
54 16 9
54 17 10
54 20 2
54 22 6
54 24 6
54 26 7
54 28 10
54 29 7
54 31 5
54 37 2
54 41 10
54 43 2
54 45 2
54 47 10
54 50 3
54 52 6
54 53 8
54 56 1
54 57 8
54 62 7
54 64 4
54 65 6
54 66 6
54 69 1
54 70 7
54 74 2
54 75 6
54 77 9
54 78 9
54 79 7
54 81 1
54 82 7
54 86 2
54 88 7
54 89 8
54 91 5
54 92 9
54 93 9
54 94 1
54 95 8
54 99 6
55 2 4
55 8 9
55 9 9
55 12 7
55 22 7
55 23 2
55 24 4
55 25 2
55 37 4
55 40 7
55 46 5
55 48 2
55 49 2
55 50 9
55 53 6
55 58 4
55 59 6
55 66 6
55 69 9
55 74 9
55 75 5
55 77 1
55 80 10
55 85 3
55 86 1
55 87 10
55 90 5
55 91 2
55 95 7
55 99 8
56 4 4
56 18 7
56 19 2
56 21 2
56 25 9
56 27 2
56 35 10
56 37 8
56 39 6
56 43 10
56 47 4
56 48 3
56 50 1
56 51 10
56 52 9
56 54 1
56 57 9
56 58 2
56 59 8
56 60 9
56 63 3
56 65 9
56 67 10
56 68 9
56 75 8
56 82 6
56 84 4
56 85 5
56 97 3
56 99 5
57 3 10
57 6 7
57 9 10
57 12 4
57 13 7
57 15 6
57 17 4
57 20 7
57 27 10
57 31 5
57 38 3
57 39 4
57 44 4
57 50 3
57 54 8
57 56 9
57 58 2
57 59 6
57 67 6
57 69 4
57 72 10
57 73 2
57 78 4
57 79 10
57 93 5
57 94 8
57 96 6
57 99 4
58 2 3
58 3 6
58 4 3
58 6 5
58 8 6
58 11 3
58 18 6
58 19 9
58 21 8
58 22 10
58 27 8
58 29 8
58 33 10
58 36 5
58 43 4
58 44 3
58 50 6
58 55 4
58 56 2
58 57 2
58 60 2
58 61 5
58 62 1
58 64 4
58 65 1
58 67 8
58 69 5
58 74 6
58 76 5
58 78 8
58 80 1
58 83 6
58 86 1
58 89 6
58 94 2
58 96 3
59 1 5
59 4 5
59 5 7
59 8 6
59 17 4
59 19 5
59 20 5
59 28 4
59 29 7
59 37 3
59 39 8
59 44 7
59 46 6
59 49 8
59 50 2
59 55 6
59 56 8
59 57 6
59 64 7
59 65 1
59 66 5
59 77 4
59 90 3
59 91 4
59 93 6
60 3 3
60 13 5
60 20 6
60 21 8
60 22 9
60 23 5
60 28 3
60 29 6
60 32 9
60 41 10
60 45 1
60 47 9
60 56 9
60 58 2
60 62 9
60 63 10
60 64 6
60 71 2
60 75 9
60 87 9
60 91 5
60 93 6
60 97 3
60 98 8
61 2 10
61 6 3
61 13 8
61 14 1
61 16 2
61 17 3
61 24 8
61 25 5
61 28 9
61 29 10
61 39 5
61 41 7
61 42 6
61 44 2
61 53 2
61 58 5
61 64 8
61 65 7
61 66 3
61 67 9
61 73 6
61 85 6
61 90 6
61 97 8
61 98 5
61 99 10
62 5 10
62 7 6
62 9 4
62 10 4
62 13 3
62 19 7
62 22 1
62 25 3
62 27 8
62 30 5
62 35 6
62 40 9
62 44 6
62 46 6
62 48 3
62 54 7
62 58 1
62 60 9
62 66 8
62 68 8
62 71 7
62 72 5
62 76 8
62 77 3
62 78 5
62 79 5
62 82 9
62 83 6
62 85 2
62 86 2
62 87 8
62 88 6
62 90 5
62 91 4
62 93 6
62 94 8
62 95 6
62 97 9
63 8 7
63 19 8
63 24 2
63 26 2
63 29 4
63 30 2
63 33 6
63 44 7
63 46 3
63 47 5
63 51 7
63 56 3
63 60 10
63 64 3
63 66 3
63 67 10
63 69 10
63 73 4
63 77 8
63 81 8
63 84 1
63 87 5
63 91 1
63 92 4
63 93 8
64 1 6
64 4 2
64 9 3
64 10 10
64 13 7
64 14 4
64 18 1
64 26 8
64 27 9
64 29 10
64 30 1
64 33 1
64 35 7
64 39 8
64 45 7
64 50 3
64 52 7
64 54 4
64 58 4
64 59 7
64 60 6
64 61 8
64 63 3
64 67 5
64 68 4
64 69 9
64 75 3
64 76 5
64 87 10
64 88 10
64 91 10
64 96 10
65 3 2
65 13 8
65 15 9
65 18 3
65 19 7
65 25 1
65 28 3
65 34 1
65 36 5
65 40 10
65 47 4
65 52 6
65 54 6
65 56 9
65 58 1
65 59 1
65 61 7
65 70 9
65 73 7
65 76 9
65 78 4
65 83 10
65 85 5
65 87 4
65 89 1
65 96 10
66 2 2
66 3 5
66 4 8
66 8 6
66 9 2
66 10 1
66 18 5
66 23 8
66 24 9
66 26 2
66 27 1
66 30 3
66 32 6
66 34 9
66 36 4
66 37 9
66 38 4
66 45 6
66 46 4
66 50 1
66 51 2
66 54 6
66 55 6
66 59 5
66 61 3
66 62 8
66 63 3
66 69 9
66 70 5
66 74 10
66 75 5
66 77 3
66 79 2
66 85 9
66 89 10
66 90 8
66 93 2
66 94 3
66 99 3
67 2 6
67 4 4
67 7 5
67 8 2
67 11 10
67 12 2
67 13 10
67 14 4
67 19 2
67 22 4
67 25 9
67 27 6
67 32 5
67 36 7
67 38 10
67 41 8
67 43 6
67 46 1
67 51 10
67 53 10
67 56 10
67 57 6
67 58 8
67 61 9
67 63 10
67 64 5
67 68 9
67 71 9
67 74 2
67 85 3
67 87 4
67 94 8
67 96 4
67 97 1
67 99 9
68 7 2
68 8 1
68 9 8
68 10 8
68 13 2
68 14 5
68 15 3
68 17 5
68 23 5
68 24 7
68 31 5
68 32 6
68 36 1
68 37 1
68 38 4
68 39 2
68 41 8
68 42 8
68 46 9
68 48 6
68 51 5
68 52 10
68 53 1
68 56 9
68 62 8
68 64 4
68 67 9
68 71 4
68 72 9
68 73 3
68 75 4
68 76 8
68 78 8
68 83 8
68 87 1
68 89 4
69 3 5
69 4 6
69 8 5
69 9 5
69 12 6
69 14 10
69 21 8
69 22 8
69 26 2
69 27 4
69 30 8
69 36 9
69 39 5
69 41 5
69 43 6
69 45 7
69 52 8
69 54 1
69 55 9
69 57 4
69 58 5
69 63 10
69 64 9
69 66 9
69 74 5
69 77 7
69 80 3
69 86 2
69 88 2
69 91 4
69 96 10
69 97 9
69 99 9
70 3 10
70 4 6
70 5 10
70 6 10
70 8 3
70 12 2
70 17 5
70 19 1
70 20 6
70 24 6
70 33 1
70 39 1
70 40 5
70 43 10
70 45 5
70 46 2
70 47 8
70 50 7
70 51 8
70 54 7
70 65 9
70 66 5
70 71 1
70 81 9
70 87 4
70 90 9
70 91 5
70 92 10
70 93 2
70 96 6
71 2 5
71 4 5
71 8 2
71 14 4
71 15 7
71 16 7
71 17 6
71 22 9
71 23 7
71 28 7
71 29 4
71 30 3
71 31 8
71 33 8
71 34 4
71 37 4
71 40 1
71 42 1
71 45 9
71 46 7
71 60 2
71 62 7
71 67 9
71 68 4
71 70 1
71 72 2
71 78 3
71 81 9
71 84 2
71 88 9
71 89 10
71 91 3
71 95 8
72 12 8
72 14 2
72 21 3
72 25 6
72 32 9
72 35 8
72 36 9
72 39 9
72 41 2
72 43 5
72 47 8
72 48 1
72 49 2
72 50 10
72 57 10
72 62 5
72 68 9
72 71 2
72 78 1
72 81 7
72 82 1
72 84 9
72 90 2
72 91 7
72 92 10
72 98 10
73 3 4
73 6 3
73 14 10
73 20 4
73 21 7
73 22 1
73 24 2
73 26 1
73 30 3
73 32 10
73 37 2
73 40 6
73 52 5
73 53 6
73 57 2
73 61 6
73 63 4
73 65 7
73 68 3
73 79 4
73 80 8
73 88 2
73 92 7
73 93 3
73 94 3
73 95 8
74 2 3
74 3 9
74 4 7
74 12 4
74 17 9
74 21 9
74 22 2
74 24 4
74 29 7
74 41 7
74 42 3
74 49 6
74 50 10
74 52 7
74 54 2
74 55 9
74 58 6
74 66 10
74 67 2
74 69 5
74 76 5
74 79 1
74 80 1
74 82 1
74 83 8
74 88 4
74 96 10
75 1 8
75 4 9
75 5 2
75 15 7
75 16 7
75 28 1
75 30 8
75 31 7
75 33 7
75 35 4
75 37 6
75 38 6
75 41 2
75 44 7
75 47 3
75 48 4
75 50 4
75 51 10
75 52 10
75 54 6
75 55 5
75 56 8
75 60 9
75 64 3
75 66 5
75 68 4
75 82 4
75 84 5
75 89 9
75 98 9
75 99 3
76 5 8
76 12 2
76 13 1
76 14 1
76 22 1
76 25 2
76 26 2
76 33 5
76 35 2
76 37 10
76 41 5
76 42 9
76 48 7
76 49 2
76 58 5
76 62 8
76 64 5
76 65 9
76 68 8
76 74 5
76 83 5
76 92 7
76 95 2
76 96 7
76 97 6
77 1 3
77 2 4
77 18 8
77 25 7
77 26 5
77 34 9
77 46 6
77 47 8
77 52 3
77 54 9
77 55 1
77 59 4
77 62 3
77 63 8
77 66 3
77 69 7
77 80 1
77 81 4
77 85 10
77 90 10
78 5 4
78 7 9
78 10 4
78 12 10
78 14 10
78 17 9
78 23 4
78 24 10
78 37 6
78 39 9
78 40 5
78 45 2
78 52 9
78 54 9
78 57 4
78 58 8
78 62 5
78 65 4
78 68 8
78 71 3
78 72 1
78 85 1
78 86 1
78 88 8
78 95 9
78 96 7
78 97 3
78 99 8
79 2 9
79 4 4
79 6 9
79 7 4
79 8 1
79 9 10
79 11 3
79 18 1
79 20 1
79 21 4
79 30 9
79 35 1
79 40 4
79 41 7
79 44 8
79 46 7
79 49 6
79 51 1
79 52 8
79 54 7
79 57 10
79 62 5
79 66 2
79 73 4
79 74 1
79 82 3
79 84 8
79 87 4
79 96 9
79 99 2
80 1 7
80 3 2
80 4 5
80 6 3
80 11 8
80 14 3
80 16 8
80 17 2
80 18 1
80 28 10
80 30 2
80 31 5
80 41 10
80 45 9
80 47 2
80 48 10
80 55 10
80 58 1
80 69 3
80 73 8
80 74 1
80 77 1
80 82 7
80 83 2
80 87 6
80 89 1
80 91 10
81 4 6
81 5 9
81 10 10
81 15 2
81 20 7
81 25 1
81 32 1
81 34 8
81 35 8
81 38 1
81 41 3
81 46 7
81 47 5
81 49 9
81 53 2
81 54 1
81 63 8
81 70 9
81 71 9
81 72 7
81 77 4
81 92 4
81 98 8
81 99 7
82 4 1
82 11 4
82 17 6
82 20 2
82 21 9
82 22 5
82 31 2
82 37 8
82 38 7
82 41 6
82 43 8
82 46 6
82 48 6
82 54 7
82 56 6
82 62 9
82 72 1
82 74 1
82 75 4
82 79 3
82 80 7
82 93 9
82 98 10
82 99 1
83 1 9
83 5 5
83 9 9
83 10 1
83 12 9
83 15 10
83 20 2
83 21 8
83 26 4
83 27 9
83 40 7
83 41 10
83 42 2
83 43 8
83 45 10
83 47 2
83 49 6
83 51 7
83 58 6
83 62 6
83 65 10
83 68 8
83 74 8
83 76 5
83 80 2
83 85 1
83 86 9
83 90 2
83 93 3
83 94 7
84 4 9
84 6 5
84 7 2
84 15 10
84 25 4
84 30 5
84 33 4
84 35 8
84 36 3
84 38 6
84 40 7
84 42 6
84 44 8
84 47 2
84 56 4
84 63 1
84 71 2
84 72 9
84 75 5
84 79 8
84 88 9
84 95 9
84 97 4
84 99 3
85 7 1
85 9 10
85 10 3
85 25 5
85 28 4
85 31 9
85 32 3
85 39 10
85 45 10
85 46 2
85 55 3
85 56 5
85 61 6
85 62 2
85 65 5
85 66 9
85 67 3
85 77 10
85 78 1
85 83 1
85 87 4
85 89 9
85 92 5
85 94 9
85 96 10
85 97 2
86 2 4
86 3 1
86 4 7
86 6 1
86 12 8
86 13 3
86 15 10
86 19 2
86 20 4
86 28 4
86 33 10
86 40 6
86 41 8
86 44 1
86 47 5
86 51 3
86 54 2
86 55 1
86 58 1
86 62 2
86 69 2
86 78 1
86 83 9
86 94 8
86 98 9
87 5 1
87 6 3
87 11 10
87 18 4
87 21 5
87 24 5
87 27 5
87 32 7
87 33 3
87 34 8
87 35 4
87 36 9
87 38 8
87 39 8
87 40 1
87 43 4
87 46 4
87 52 1
87 55 10
87 60 9
87 62 8
87 63 5
87 64 10
87 65 4
87 67 4
87 68 1
87 70 4
87 79 4
87 80 6
87 85 4
87 89 9
87 91 10
87 93 6
87 94 3
87 96 9
87 98 9
88 2 6
88 8 1
88 11 2
88 13 7
88 15 3
88 22 1
88 27 10
88 28 10
88 30 4
88 31 2
88 32 3
88 35 5
88 37 8
88 38 3
88 39 7
88 41 10
88 45 3
88 48 1
88 51 3
88 54 7
88 62 6
88 64 10
88 69 2
88 71 9
88 73 2
88 74 4
88 78 8
88 84 9
88 91 4
88 94 8
88 95 7
88 99 8
89 2 4
89 4 8
89 7 4
89 10 3
89 13 8
89 15 3
89 23 4
89 24 3
89 25 10
89 27 10
89 28 4
89 29 1
89 30 4
89 35 8
89 36 7
89 37 7
89 54 8
89 58 6
89 65 1
89 66 10
89 68 4
89 71 10
89 75 9
89 80 1
89 85 9
89 87 9
89 97 5
90 1 10
90 3 8
90 8 9
90 9 5
90 10 6
90 12 3
90 14 7
90 16 7
90 27 6
90 28 4
90 33 1
90 35 8
90 38 10
90 45 5
90 46 8
90 47 10
90 50 2
90 52 3
90 55 5
90 59 3
90 61 6
90 62 5
90 66 8
90 70 9
90 72 2
90 77 10
90 83 2
90 94 8
90 99 8
91 1 4
91 2 4
91 6 7
91 7 5
91 8 6
91 11 9
91 13 7
91 15 8
91 16 9
91 20 7
91 31 10
91 32 1
91 33 10
91 34 3
91 35 8
91 43 6
91 45 2
91 50 4
91 52 10
91 54 5
91 55 2
91 59 4
91 60 5
91 62 4
91 63 1
91 64 10
91 69 4
91 70 5
91 71 3
91 72 7
91 80 10
91 87 10
91 88 4
91 96 10
91 97 6
91 98 2
92 12 10
92 13 4
92 20 2
92 25 7
92 26 4
92 28 9
92 29 4
92 34 1
92 37 1
92 44 9
92 47 10
92 49 1
92 51 4
92 53 3
92 54 9
92 63 4
92 70 10
92 72 10
92 73 7
92 76 7
92 81 4
92 85 5
92 95 4
92 97 2
93 8 5
93 10 3
93 11 6
93 14 3
93 25 6
93 33 1
93 35 8
93 38 8
93 42 7
93 43 4
93 49 5
93 52 10
93 54 9
93 57 5
93 59 6
93 60 6
93 62 6
93 63 8
93 66 2
93 70 2
93 73 3
93 82 9
93 83 3
93 87 6
93 97 1
93 98 7
93 99 6
94 4 8
94 5 5
94 10 10
94 12 1
94 13 8
94 15 7
94 18 4
94 22 8
94 28 10
94 31 7
94 33 3
94 36 5
94 39 8
94 50 5
94 51 10
94 54 1
94 57 8
94 58 2
94 62 8
94 66 3
94 67 8
94 73 3
94 83 7
94 85 9
94 86 8
94 87 3
94 88 8
94 90 8
94 99 6
95 2 9
95 4 9
95 8 3
95 9 1
95 13 5
95 17 8
95 18 9
95 20 9
95 22 8
95 24 8
95 25 9
95 26 1
95 35 2
95 38 7
95 39 2
95 41 5
95 43 8
95 47 9
95 50 9
95 54 8
95 55 7
95 62 6
95 71 8
95 73 8
95 76 2
95 78 9
95 84 9
95 88 7
95 92 4
95 98 5
96 4 8
96 5 7
96 8 5
96 13 9
96 16 8
96 23 8
96 37 8
96 39 10
96 40 4
96 41 1
96 49 3
96 53 8
96 57 6
96 58 3
96 64 10
96 65 10
96 67 4
96 69 10
96 70 6
96 74 10
96 76 7
96 78 7
96 79 9
96 85 10
96 87 9
96 91 10
96 98 1
97 4 10
97 7 7
97 10 6
97 15 10
97 16 1
97 21 1
97 22 9
97 27 2
97 30 10
97 35 10
97 37 1
97 38 6
97 41 5
97 47 9
97 48 5
97 49 5
97 56 3
97 60 3
97 61 8
97 62 9
97 67 1
97 69 9
97 76 6
97 78 3
97 84 4
97 85 2
97 89 5
97 91 6
97 92 2
97 93 1
98 2 8
98 23 1
98 30 7
98 32 6
98 35 2
98 36 10
98 37 2
98 39 10
98 41 10
98 42 1
98 46 2
98 48 1
98 60 8
98 61 5
98 72 10
98 75 9
98 81 8
98 82 10
98 86 9
98 87 9
98 91 2
98 93 7
98 95 5
98 96 1
2 t 3
4 t 1
6 t 10
8 t 6
15 t 3
19 t 2
20 t 2
22 t 5
23 t 3
24 t 4
25 t 4
27 t 7
28 t 1
36 t 6
41 t 4
49 t 8
53 t 5
54 t 6
55 t 8
56 t 5
57 t 4
61 t 10
66 t 3
67 t 9
69 t 9
75 t 3
78 t 8
79 t 2
81 t 7
82 t 1
84 t 3
88 t 8
90 t 8
93 t 6
94 t 6
