s (1,1) 1000
s (2,1) 1000
s (3,1) 1000
s (4,1) 1000
s (5,1) 1000
s (6,1) 1000
s (7,1) 1000
s (8,1) 1000
s (9,1) 1000
s (10,1) 1000
s (11,1) 1000
s (12,1) 1000
s (13,1) 1000
s (14,1) 1000
s (15,1) 1000
(1,1) (1,2) 1000
(2,1) (2,2) 1000
(3,1) (3,2) 1000
(4,1) (4,2) 1000
(5,1) (5,2) 1000
(6,1) (6,2) 1000
(7,1) (7,2) 1000
(8,1) (8,2) 1000
(9,1) (9,2) 1000
(10,1) (10,2) 1000
(11,1) (11,2) 1000
(12,1) (12,2) 1000
(13,1) (13,2) 1000
(14,1) (14,2) 1000
(15,1) (15,2) 1000
(1,2) (1,3) 1000
(2,2) (2,3) 1000
(3,2) (3,3) 1000
(4,2) (4,3) 1000
(5,2) (5,3) 1000
(6,2) (6,3) 1000
(7,2) (7,3) 1000
(8,2) (8,3) 1000
(9,2) (9,3) 1000
(10,2) (10,3) 1000
(11,2) (11,3) 1000
(12,2) (12,3) 1000
(13,2) (13,3) 1000
(14,2) (14,3) 1000
(15,2) (15,3) 1000
(1,3) (1,4) 1000
(2,3) (2,4) 1000
(3,3) (3,4) 1000
(4,3) (4,4) 1000
(5,3) (5,4) 1000
(6,3) (6,4) 1000
(7,3) (7,4) 1000
(8,3) (8,4) 1000
(9,3) (9,4) 1000
(10,3) (10,4) 1000
(11,3) (11,4) 1000
(12,3) (12,4) 1000
(13,3) (13,4) 1000
(14,3) (14,4) 1000
(15,3) (15,4) 1000
(1,4) (1,5) 1000
(2,4) (2,5) 1000
(3,4) (3,5) 1000
(4,4) (4,5) 1000
(5,4) (5,5) 1000
(6,4) (6,5) 1000
(7,4) (7,5) 1000
(8,4) (8,5) 1000
(9,4) (9,5) 1000
(10,4) (10,5) 1000
(11,4) (11,5) 1000
(12,4) (12,5) 1000
(13,4) (13,5) 1000
(14,4) (14,5) 1000
(15,4) (15,5) 1000
(1,5) (1,6) 1000
(2,5) (2,6) 1000
(3,5) (3,6) 1000
(4,5) (4,6) 1000
(5,5) (5,6) 1000
(6,5) (6,6) 1000
(7,5) (7,6) 1000
(8,5) (8,6) 1000
(9,5) (9,6) 1000
(10,5) (10,6) 1000
(11,5) (11,6) 1000
(12,5) (12,6) 1000
(13,5) (13,6) 1000
(14,5) (14,6) 1000
(15,5) (15,6) 1000
(1,6) (1,7) 1000
(2,6) (2,7) 1000
(3,6) (3,7) 1000
(4,6) (4,7) 1000
(5,6) (5,7) 1000
(6,6) (6,7) 1000
(7,6) (7,7) 1000
(8,6) (8,7) 1000
(9,6) (9,7) 1000
(10,6) (10,7) 1000
(11,6) (11,7) 1000
(12,6) (12,7) 1000
(13,6) (13,7) 1000
(14,6) (14,7) 1000
(15,6) (15,7) 1000
(1,7) (1,8) 1000
(2,7) (2,8) 1000
(3,7) (3,8) 1000
(4,7) (4,8) 1000
(5,7) (5,8) 1000
(6,7) (6,8) 1000
(7,7) (7,8) 1000
(8,7) (8,8) 1000
(9,7) (9,8) 1000
(10,7) (10,8) 1000
(11,7) (11,8) 1000
(12,7) (12,8) 1000
(13,7) (13,8) 1000
(14,7) (14,8) 1000
(15,7) (15,8) 1000
(1,8) (1,9) 1000
(2,8) (2,9) 1000
(3,8) (3,9) 1000
(4,8) (4,9) 1000
(5,8) (5,9) 1000
(6,8) (6,9) 1000
(7,8) (7,9) 1000
(8,8) (8,9) 1000
(9,8) (9,9) 1000
(10,8) (10,9) 1000
(11,8) (11,9) 1000
(12,8) (12,9) 1000
(13,8) (13,9) 1000
(14,8) (14,9) 1000
(15,8) (15,9) 1000
(1,9) (1,10) 1000
(2,9) (2,10) 1000
(3,9) (3,10) 1000
(4,9) (4,10) 1000
(5,9) (5,10) 1000
(6,9) (6,10) 1000
(7,9) (7,10) 1000
(8,9) (8,10) 1000
(9,9) (9,10) 1000
(10,9) (10,10) 1000
(11,9) (11,10) 1000
(12,9) (12,10) 1000
(13,9) (13,10) 1000
(14,9) (14,10) 1000
(15,9) (15,10) 1000
(1,10) (1,11) 1000
(2,10) (2,11) 1000
(3,10) (3,11) 1000
(4,10) (4,11) 1000
(5,10) (5,11) 1000
(6,10) (6,11) 1000
(7,10) (7,11) 1000
(8,10) (8,11) 1000
(9,10) (9,11) 1000
(10,10) (10,11) 1000
(11,10) (11,11) 1000
(12,10) (12,11) 1000
(13,10) (13,11) 1000
(14,10) (14,11) 1000
(15,10) (15,11) 1000
(1,11) (1,12) 1000
(2,11) (2,12) 1000
(3,11) (3,12) 1000
(4,11) (4,12) 1000
(5,11) (5,12) 1000
(6,11) (6,12) 1000
(7,11) (7,12) 1000
(8,11) (8,12) 1000
(9,11) (9,12) 1000
(10,11) (10,12) 1000
(11,11) (11,12) 1000
(12,11) (12,12) 1000
(13,11) (13,12) 1000
(14,11) (14,12) 1000
(15,11) (15,12) 1000
(1,12) (1,13) 1000
(2,12) (2,13) 1000
(3,12) (3,13) 1000
(4,12) (4,13) 1000
(5,12) (5,13) 1000
(6,12) (6,13) 1000
(7,12) (7,13) 1000
(8,12) (8,13) 1000
(9,12) (9,13) 1000
(10,12) (10,13) 1000
(11,12) (11,13) 1000
(12,12) (12,13) 1000
(13,12) (13,13) 1000
(14,12) (14,13) 1000
(15,12) (15,13) 1000
(1,13) (1,14) 1000
(2,13) (2,14) 1000
(3,13) (3,14) 1000
(4,13) (4,14) 1000
(5,13) (5,14) 1000
(6,13) (6,14) 1000
(7,13) (7,14) 1000
(8,13) (8,14) 1000
(9,13) (9,14) 1000
(10,13) (10,14) 1000
(11,13) (11,14) 1000
(12,13) (12,14) 1000
(13,13) (13,14) 1000
(14,13) (14,14) 1000
(15,13) (15,14) 1000
(1,14) (1,15) 1000
(2,14) (2,15) 1000
(3,14) (3,15) 1000
(4,14) (4,15) 1000
(5,14) (5,15) 1000
(6,14) (6,15) 1000
(7,14) (7,15) 1000
(8,14) (8,15) 1000
(9,14) (9,15) 1000
(10,14) (10,15) 1000
(11,14) (11,15) 1000
(12,14) (12,15) 1000
(13,14) (13,15) 1000
(14,14) (14,15) 1000
(15,14) (15,15) 1000
(1,1) (2,1) 1000
(2,1) (1,1) 1000
(2,1) (3,1) 1000
(3,1) (2,1) 1000
(3,1) (4,1) 1000
(4,1) (3,1) 1000
(4,1) (5,1) 1000
(5,1) (4,1) 1000
(5,1) (6,1) 1000
(6,1) (5,1) 1000
(6,1) (7,1) 1000
(7,1) (6,1) 1000
(7,1) (8,1) 1000
(8,1) (7,1) 1000
(8,1) (9,1) 1000
(9,1) (8,1) 1000
(9,1) (10,1) 1000
(10,1) (9,1) 1000
(10,1) (11,1) 1000
(11,1) (10,1) 1000
(11,1) (12,1) 1000
(12,1) (11,1) 1000
(12,1) (13,1) 1000
(13,1) (12,1) 1000
(13,1) (14,1) 1000
(14,1) (13,1) 1000
(14,1) (15,1) 1000
(15,1) (14,1) 1000
(1,2) (2,2) 1000
(2,2) (1,2) 1000
(2,2) (3,2) 1000
(3,2) (2,2) 1000
(3,2) (4,2) 1000
(4,2) (3,2) 1000
(4,2) (5,2) 1000
(5,2) (4,2) 1000
(5,2) (6,2) 1000
(6,2) (5,2) 1000
(6,2) (7,2) 1000
(7,2) (6,2) 1000
(7,2) (8,2) 1000
(8,2) (7,2) 1000
(8,2) (9,2) 1000
(9,2) (8,2) 1000
(9,2) (10,2) 1000
(10,2) (9,2) 1000
(10,2) (11,2) 1000
(11,2) (10,2) 1000
(11,2) (12,2) 1000
(12,2) (11,2) 1000
(12,2) (13,2) 1000
(13,2) (12,2) 1000
(13,2) (14,2) 1000
(14,2) (13,2) 1000
(14,2) (15,2) 1000
(15,2) (14,2) 1000
(1,3) (2,3) 1000
(2,3) (1,3) 1000
(2,3) (3,3) 1000
(3,3) (2,3) 1000
(3,3) (4,3) 1000
(4,3) (3,3) 1000
(4,3) (5,3) 1000
(5,3) (4,3) 1000
(5,3) (6,3) 1000
(6,3) (5,3) 1000
(6,3) (7,3) 1000
(7,3) (6,3) 1000
(7,3) (8,3) 1000
(8,3) (7,3) 1000
(8,3) (9,3) 1000
(9,3) (8,3) 1000
(9,3) (10,3) 1000
(10,3) (9,3) 1000
(10,3) (11,3) 1000
(11,3) (10,3) 1000
(11,3) (12,3) 1000
(12,3) (11,3) 1000
(12,3) (13,3) 1000
(13,3) (12,3) 1000
(13,3) (14,3) 1000
(14,3) (13,3) 1000
(14,3) (15,3) 1000
(15,3) (14,3) 1000
(1,4) (2,4) 1000
(2,4) (1,4) 1000
(2,4) (3,4) 1000
(3,4) (2,4) 1000
(3,4) (4,4) 1000
(4,4) (3,4) 1000
(4,4) (5,4) 1000
(5,4) (4,4) 1000
(5,4) (6,4) 1000
(6,4) (5,4) 1000
(6,4) (7,4) 1000
(7,4) (6,4) 1000
(7,4) (8,4) 1000
(8,4) (7,4) 1000
(8,4) (9,4) 1000
(9,4) (8,4) 1000
(9,4) (10,4) 1000
(10,4) (9,4) 1000
(10,4) (11,4) 1000
(11,4) (10,4) 1000
(11,4) (12,4) 1000
(12,4) (11,4) 1000
(12,4) (13,4) 1000
(13,4) (12,4) 1000
(13,4) (14,4) 1000
(14,4) (13,4) 1000
(14,4) (15,4) 1000
(15,4) (14,4) 1000
(1,5) (2,5) 1000
(2,5) (1,5) 1000
(2,5) (3,5) 1000
(3,5) (2,5) 1000
(3,5) (4,5) 1000
(4,5) (3,5) 1000
(4,5) (5,5) 1000
(5,5) (4,5) 1000
(5,5) (6,5) 1000
(6,5) (5,5) 1000
(6,5) (7,5) 1000
(7,5) (6,5) 1000
(7,5) (8,5) 1000
(8,5) (7,5) 1000
(8,5) (9,5) 1000
(9,5) (8,5) 1000
(9,5) (10,5) 1000
(10,5) (9,5) 1000
(10,5) (11,5) 1000
(11,5) (10,5) 1000
(11,5) (12,5) 1000
(12,5) (11,5) 1000
(12,5) (13,5) 1000
(13,5) (12,5) 1000
(13,5) (14,5) 1000
(14,5) (13,5) 1000
(14,5) (15,5) 1000
(15,5) (14,5) 1000
(1,6) (2,6) 1000
(2,6) (1,6) 1000
(2,6) (3,6) 1000
(3,6) (2,6) 1000
(3,6) (4,6) 1000
(4,6) (3,6) 1000
(4,6) (5,6) 1000
(5,6) (4,6) 1000
(5,6) (6,6) 1000
(6,6) (5,6) 1000
(6,6) (7,6) 1000
(7,6) (6,6) 1000
(7,6) (8,6) 1000
(8,6) (7,6) 1000
(8,6) (9,6) 1000
(9,6) (8,6) 1000
(9,6) (10,6) 1000
(10,6) (9,6) 1000
(10,6) (11,6) 1000
(11,6) (10,6) 1000
(11,6) (12,6) 1000
(12,6) (11,6) 1000
(12,6) (13,6) 1000
(13,6) (12,6) 1000
(13,6) (14,6) 1000
(14,6) (13,6) 1000
(14,6) (15,6) 1000
(15,6) (14,6) 1000
(1,7) (2,7) 1000
(2,7) (1,7) 1000
(2,7) (3,7) 1000
(3,7) (2,7) 1000
(3,7) (4,7) 1000
(4,7) (3,7) 1000
(4,7) (5,7) 1000
(5,7) (4,7) 1000
(5,7) (6,7) 1000
(6,7) (5,7) 1000
(6,7) (7,7) 1000
(7,7) (6,7) 1000
(7,7) (8,7) 1000
(8,7) (7,7) 1000
(8,7) (9,7) 1000
(9,7) (8,7) 1000
(9,7) (10,7) 1000
(10,7) (9,7) 1000
(10,7) (11,7) 1000
(11,7) (10,7) 1000
(11,7) (12,7) 1000
(12,7) (11,7) 1000
(12,7) (13,7) 1000
(13,7) (12,7) 1000
(13,7) (14,7) 1000
(14,7) (13,7) 1000
(14,7) (15,7) 1000
(15,7) (14,7) 1000
(1,8) (2,8) 1000
(2,8) (1,8) 1000
(2,8) (3,8) 1000
(3,8) (2,8) 1000
(3,8) (4,8) 1000
(4,8) (3,8) 1000
(4,8) (5,8) 1000
(5,8) (4,8) 1000
(5,8) (6,8) 1000
(6,8) (5,8) 1000
(6,8) (7,8) 1000
(7,8) (6,8) 1000
(7,8) (8,8) 1000
(8,8) (7,8) 1000
(8,8) (9,8) 1000
(9,8) (8,8) 1000
(9,8) (10,8) 1000
(10,8) (9,8) 1000
(10,8) (11,8) 1000
(11,8) (10,8) 1000
(11,8) (12,8) 1000
(12,8) (11,8) 1000
(12,8) (13,8) 1000
(13,8) (12,8) 1000
(13,8) (14,8) 1000
(14,8) (13,8) 1000
(14,8) (15,8) 1000
(15,8) (14,8) 1000
(1,9) (2,9) 1000
(2,9) (1,9) 1000
(2,9) (3,9) 1000
(3,9) (2,9) 1000
(3,9) (4,9) 1000
(4,9) (3,9) 1000
(4,9) (5,9) 1000
(5,9) (4,9) 1000
(5,9) (6,9) 1000
(6,9) (5,9) 1000
(6,9) (7,9) 1000
(7,9) (6,9) 1000
(7,9) (8,9) 1000
(8,9) (7,9) 1000
(8,9) (9,9) 1000
(9,9) (8,9) 1000
(9,9) (10,9) 1000
(10,9) (9,9) 1000
(10,9) (11,9) 1000
(11,9) (10,9) 1000
(11,9) (12,9) 1000
(12,9) (11,9) 1000
(12,9) (13,9) 1000
(13,9) (12,9) 1000
(13,9) (14,9) 1000
(14,9) (13,9) 1000
(14,9) (15,9) 1000
(15,9) (14,9) 1000
(1,10) (2,10) 1000
(2,10) (1,10) 1000
(2,10) (3,10) 1000
(3,10) (2,10) 1000
(3,10) (4,10) 1000
(4,10) (3,10) 1000
(4,10) (5,10) 1000
(5,10) (4,10) 1000
(5,10) (6,10) 1000
(6,10) (5,10) 1000
(6,10) (7,10) 1000
(7,10) (6,10) 1000
(7,10) (8,10) 1000
(8,10) (7,10) 1000
(8,10) (9,10) 1000
(9,10) (8,10) 1000
(9,10) (10,10) 1000
(10,10) (9,10) 1000
(10,10) (11,10) 1000
(11,10) (10,10) 1000
(11,10) (12,10) 1000
(12,10) (11,10) 1000
(12,10) (13,10) 1000
(13,10) (12,10) 1000
(13,10) (14,10) 1000
(14,10) (13,10) 1000
(14,10) (15,10) 1000
(15,10) (14,10) 1000
(1,11) (2,11) 1000
(2,11) (1,11) 1000
(2,11) (3,11) 1000
(3,11) (2,11) 1000
(3,11) (4,11) 1000
(4,11) (3,11) 1000
(4,11) (5,11) 1000
(5,11) (4,11) 1000
(5,11) (6,11) 1000
(6,11) (5,11) 1000
(6,11) (7,11) 1000
(7,11) (6,11) 1000
(7,11) (8,11) 1000
(8,11) (7,11) 1000
(8,11) (9,11) 1000
(9,11) (8,11) 1000
(9,11) (10,11) 1000
(10,11) (9,11) 1000
(10,11) (11,11) 1000
(11,11) (10,11) 1000
(11,11) (12,11) 1000
(12,11) (11,11) 1000
(12,11) (13,11) 1000
(13,11) (12,11) 1000
(13,11) (14,11) 1000
(14,11) (13,11) 1000
(14,11) (15,11) 1000
(15,11) (14,11) 1000
(1,12) (2,12) 1000
(2,12) (1,12) 1000
(2,12) (3,12) 1000
(3,12) (2,12) 1000
(3,12) (4,12) 1000
(4,12) (3,12) 1000
(4,12) (5,12) 1000
(5,12) (4,12) 1000
(5,12) (6,12) 1000
(6,12) (5,12) 1000
(6,12) (7,12) 1000
(7,12) (6,12) 1000
(7,12) (8,12) 1000
(8,12) (7,12) 1000
(8,12) (9,12) 1000
(9,12) (8,12) 1000
(9,12) (10,12) 1000
(10,12) (9,12) 1000
(10,12) (11,12) 1000
(11,12) (10,12) 1000
(11,12) (12,12) 1000
(12,12) (11,12) 1000
(12,12) (13,12) 1000
(13,12) (12,12) 1000
(13,12) (14,12) 1000
(14,12) (13,12) 1000
(14,12) (15,12) 1000
(15,12) (14,12) 1000
(1,13) (2,13) 1000
(2,13) (1,13) 1000
(2,13) (3,13) 1000
(3,13) (2,13) 1000
(3,13) (4,13) 1000
(4,13) (3,13) 1000
(4,13) (5,13) 1000
(5,13) (4,13) 1000
(5,13) (6,13) 1000
(6,13) (5,13) 1000
(6,13) (7,13) 1000
(7,13) (6,13) 1000
(7,13) (8,13) 1000
(8,13) (7,13) 1000
(8,13) (9,13) 1000
(9,13) (8,13) 1000
(9,13) (10,13) 1000
(10,13) (9,13) 1000
(10,13) (11,13) 1000
(11,13) (10,13) 1000
(11,13) (12,13) 1000
(12,13) (11,13) 1000
(12,13) (13,13) 1000
(13,13) (12,13) 1000
(13,13) (14,13) 1000
(14,13) (13,13) 1000
(14,13) (15,13) 1000
(15,13) (14,13) 1000
(1,14) (2,14) 1000
(2,14) (1,14) 1000
(2,14) (3,14) 1000
(3,14) (2,14) 1000
(3,14) (4,14) 1000
(4,14) (3,14) 1000
(4,14) (5,14) 1000
(5,14) (4,14) 1000
(5,14) (6,14) 1000
(6,14) (5,14) 1000
(6,14) (7,14) 1000
(7,14) (6,14) 1000
(7,14) (8,14) 1000
(8,14) (7,14) 1000
(8,14) (9,14) 1000
(9,14) (8,14) 1000
(9,14) (10,14) 1000
(10,14) (9,14) 1000
(10,14) (11,14) 1000
(11,14) (10,14) 1000
(11,14) (12,14) 1000
(12,14) (11,14) 1000
(12,14) (13,14) 1000
(13,14) (12,14) 1000
(13,14) (14,14) 1000
(14,14) (13,14) 1000
(14,14) (15,14) 1000
(15,14) (14,14) 1000
(1,15) (2,15) 1000
(2,15) (1,15) 1000
(2,15) (3,15) 1000
(3,15) (2,15) 1000
(3,15) (4,15) 1000
(4,15) (3,15) 1000
(4,15) (5,15) 1000
(5,15) (4,15) 1000
(5,15) (6,15) 1000
(6,15) (5,15) 1000
(6,15) (7,15) 1000
(7,15) (6,15) 1000
(7,15) (8,15) 1000
(8,15) (7,15) 1000
(8,15) (9,15) 1000
(9,15) (8,15) 1000
(9,15) (10,15) 1000
(10,15) (9,15) 1000
(10,15) (11,15) 1000
(11,15) (10,15) 1000
(11,15) (12,15) 1000
(12,15) (11,15) 1000
(12,15) (13,15) 1000
(13,15) (12,15) 1000
(13,15) (14,15) 1000
(14,15) (13,15) 1000
(14,15) (15,15) 1000
(15,15) (14,15) 1000
(1,15) t 1000
(2,15) t 1000
(3,15) t 1000
(4,15) t 1000
(5,15) t 1000
(6,15) t 1000
(7,15) t 1000
(8,15) t 1000
(9,15) t 1000
(10,15) t 1000
(11,15) t 1000
(12,15) t 1000
(13,15) t 1000
(14,15) t 1000
(15,15) t 1000
