s 1 707
s 2 354
s 4 610
s 6 895
s 7 500
s 9 742
s 12 268
s 14 506
s 15 574
s 17 34
s 18 11
s 20 66
s 21 213
s 22 114
s 24 787
s 25 282
s 31 268
s 32 483
s 34 736
s 35 62
s 36 815
s 37 220
s 40 954
s 43 999
s 45 701
s 46 159
s 47 500
s 48 787
s 49 94
s 50 822
s 51 760
s 52 132
s 54 799
s 56 524
s 57 93
s 58 570
s 63 524
s 64 708
s 65 397
s 66 93
s 69 454
s 71 198
s 72 140
s 73 750
s 76 418
s 78 730
s 81 184
s 85 842
s 86 455
s 88 117
s 89 223
s 91 294
s 92 830
s 93 139
s 94 179
s 95 253
1 2 707
1 3 155
1 4 808
1 5 310
1 6 433
1 7 152
1 9 443
1 12 79
1 13 646
1 14 340
1 15 418
1 18 712
1 20 208
1 21 550
1 24 262
1 27 336
1 29 360
1 31 115
1 33 148
1 36 756
1 37 914
1 38 691
1 40 381
1 41 966
1 45 25
1 46 483
1 49 847
1 50 34
1 51 436
1 52 300
1 54 695
1 55 731
1 56 323
1 58 567
1 60 184
1 61 220
1 62 525
1 65 656
1 66 636
1 68 334
1 71 963
1 73 11
1 76 227
1 79 466
1 82 330
1 83 459
1 85 152
1 86 303
1 88 739
1 89 992
1 90 853
1 91 723
1 92 936
1 95 324
1 97 353
1 99 319
2 1 707
2 3 569
2 8 52
2 10 606
2 11 432
2 12 511
2 13 34
2 14 526
2 17 123
2 23 936
2 24 930
2 26 354
2 30 409
2 31 648
2 32 250
2 33 963
2 34 969
2 35 730
2 36 962
2 38 5
2 39 657
2 40 510
2 43 41
2 44 51
2 46 76
2 51 78
2 54 513
2 58 727
2 61 70
2 62 800
2 64 735
2 65 472
2 69 919
2 70 338
2 71 525
2 72 318
2 74 626
2 75 447
2 77 532
2 78 30
2 79 966
2 81 353
2 82 703
2 89 206
2 90 439
2 91 268
2 93 549
2 94 135
2 97 368
3 1 155
3 2 569
3 4 583
3 7 185
3 8 878
3 11 113
3 13 77
3 14 409
3 15 139
3 16 506
3 17 182
3 18 427
3 19 539
3 21 329
3 22 763
3 23 86
3 24 968
3 27 966
3 28 1
3 29 182
3 31 162
3 32 644
3 33 63
3 34 547
3 36 426
3 39 858
3 40 556
3 41 761
3 44 591
3 45 681
3 46 825
3 47 721
3 50 857
3 51 578
3 52 271
3 53 401
3 54 299
3 55 348
3 56 774
3 57 572
3 58 541
3 59 137
3 60 709
3 62 151
3 64 269
3 68 318
3 69 616
3 70 615
3 71 123
3 72 498
3 73 238
3 75 444
3 78 34
3 79 156
3 80 781
3 81 977
3 82 931
3 83 111
3 84 205
3 85 933
3 88 38
3 90 812
3 91 169
3 94 370
3 95 957
3 96 578
3 97 460
3 98 250
4 1 808
4 3 583
4 5 343
4 8 248
4 10 879
4 11 501
4 12 38
4 14 35
4 15 728
4 18 902
4 21 393
4 22 281
4 24 195
4 25 982
4 28 1
4 29 413
4 30 500
4 31 123
4 32 825
4 33 455
4 35 4
4 36 365
4 39 542
4 42 185
4 44 482
4 45 1
4 48 905
4 54 849
4 57 425
4 58 804
4 59 812
4 60 14
4 63 575
4 65 176
4 66 327
4 67 933
4 69 933
4 70 231
4 74 847
4 75 140
4 76 325
4 77 503
4 78 848
4 80 371
4 81 316
4 82 389
4 84 86
4 85 437
4 87 75
4 88 954
4 89 682
4 93 730
4 94 545
4 95 58
4 99 265
5 1 310
5 4 343
5 6 67
5 8 410
5 11 807
5 12 822
5 14 203
5 15 847
5 18 171
5 23 853
5 25 596
5 27 175
5 29 837
5 30 359
5 32 843
5 36 911
5 40 587
5 42 997
5 43 167
5 44 832
5 46 207
5 48 441
5 49 309
5 50 244
5 52 946
5 53 235
5 54 763
5 55 467
5 56 464
5 60 967
5 61 647
5 62 882
5 65 933
5 66 642
5 67 547
5 68 378
5 69 980
5 70 296
5 71 265
5 72 246
5 73 931
5 74 691
5 75 607
5 77 901
5 78 566
5 79 171
5 82 945
5 83 166
5 84 715
5 85 857
5 86 674
5 87 716
5 88 416
5 89 491
5 90 476
5 91 153
5 93 335
5 94 497
5 95 471
5 96 945
5 97 628
5 98 905
6 1 433
6 5 67
6 7 765
6 9 423
6 10 385
6 11 831
6 12 690
6 13 268
6 16 877
6 17 643
6 19 581
6 22 707
6 24 281
6 25 862
6 26 188
6 27 367
6 28 712
6 29 203
6 30 655
6 31 419
6 33 418
6 35 22
6 36 114
6 37 893
6 39 107
6 40 740
6 42 409
6 43 506
6 45 326
6 48 507
6 49 179
6 51 271
6 52 556
6 53 861
6 54 818
6 56 654
6 57 881
6 58 605
6 59 803
6 61 853
6 62 88
6 63 415
6 65 527
6 66 156
6 68 411
6 71 985
6 73 482
6 74 118
6 75 883
6 76 738
6 79 896
6 80 872
6 81 738
6 83 77
6 85 722
6 88 372
6 89 311
6 91 726
6 95 625
6 96 837
6 97 596
6 98 24
7 1 152
7 3 185
7 6 765
7 8 754
7 11 41
7 12 154
7 14 987
7 15 990
7 16 780
7 17 683
7 20 490
7 21 284
7 22 470
7 27 778
7 28 543
7 29 774
7 32 285
7 33 934
7 34 699
7 35 805
7 36 470
7 38 135
7 39 329
7 40 341
7 41 489
7 42 417
7 43 290
7 44 45
7 45 452
7 46 653
7 50 807
7 51 206
7 52 468
7 53 244
7 54 240
7 55 520
7 58 850
7 60 780
7 61 415
7 63 908
7 64 722
7 66 493
7 68 482
7 69 602
7 70 134
7 72 686
7 73 904
7 74 459
7 75 853
7 78 167
7 81 320
7 82 473
7 83 704
7 84 898
7 87 262
7 89 865
7 90 953
7 92 902
7 94 415
7 96 177
7 97 257
7 99 454
8 2 52
8 3 878
8 4 248
8 5 410
8 7 754
8 9 700
8 10 681
8 12 506
8 14 503
8 15 992
8 17 306
8 18 92
8 19 278
8 20 633
8 21 256
8 22 719
8 25 104
8 26 440
8 29 894
8 30 651
8 31 477
8 33 81
8 35 393
8 41 304
8 42 609
8 47 469
8 50 79
8 51 93
8 52 740
8 53 881
8 54 774
8 55 18
8 60 871
8 62 290
8 63 348
8 64 257
8 65 433
8 66 315
8 67 526
8 69 524
8 70 515
8 71 605
8 72 848
8 73 922
8 74 206
8 75 816
8 76 287
8 78 267
8 79 311
8 82 667
8 85 6
8 86 377
8 88 287
8 89 278
8 93 74
8 94 802
8 95 929
8 96 782
8 99 410
9 1 443
9 6 423
9 8 700
9 14 180
9 15 919
9 16 220
9 21 472
9 22 798
9 23 616
9 24 405
9 25 286
9 26 470
9 27 891
9 28 252
9 29 511
9 30 58
9 39 282
9 40 596
9 41 208
9 42 226
9 43 950
9 44 311
9 46 355
9 48 118
9 51 349
9 52 202
9 53 86
9 54 783
9 55 483
9 57 247
9 58 134
9 62 442
9 64 544
9 65 100
9 67 865
9 68 486
9 69 509
9 72 808
9 73 333
9 75 834
9 79 887
9 81 349
9 82 73
9 83 379
9 86 107
9 89 712
9 90 720
9 92 355
9 93 761
9 95 857
9 96 751
9 97 109
9 98 236
9 99 140
10 2 606
10 4 879
10 6 385
10 8 681
10 11 450
10 12 508
10 13 614
10 16 996
10 17 203
10 18 904
10 19 395
10 23 217
10 24 697
10 27 239
10 28 365
10 30 927
10 31 948
10 33 400
10 34 207
10 37 375
10 38 293
10 40 812
10 41 603
10 42 524
10 43 7
10 46 119
10 50 595
10 52 489
10 53 303
10 54 849
10 57 75
10 58 339
10 60 526
10 61 398
10 64 69
10 67 891
10 68 782
10 69 28
10 71 293
10 73 856
10 75 465
10 76 568
10 77 473
10 78 507
10 80 482
10 84 54
10 85 319
10 86 77
10 87 950
10 88 202
10 90 198
10 92 260
10 93 452
10 94 233
10 97 658
10 99 491
11 2 432
11 3 113
11 4 501
11 5 807
11 6 831
11 7 41
11 10 450
11 13 5
11 15 179
11 18 441
11 20 581
11 21 946
11 22 57
11 25 22
11 26 939
11 28 802
11 29 110
11 33 921
11 34 622
11 36 609
11 37 206
11 38 692
11 39 367
11 40 267
11 41 483
11 43 363
11 44 671
11 45 295
11 46 548
11 47 725
11 50 55
11 51 708
11 53 705
11 55 934
11 57 172
11 58 416
11 59 941
11 60 146
11 61 552
11 64 858
11 66 338
11 68 531
11 69 535
11 70 511
11 71 328
11 72 708
11 73 83
11 75 767
11 76 718
11 77 533
11 78 921
11 79 261
11 80 286
11 81 946
11 87 596
11 88 43
11 89 498
11 90 882
11 91 95
11 94 799
11 95 256
11 96 171
11 97 938
11 98 229
11 99 235
12 1 79
12 2 511
12 4 38
12 5 822
12 6 690
12 7 154
12 8 506
12 10 508
12 13 973
12 15 821
12 17 652
12 18 308
12 19 992
12 20 372
12 21 573
12 22 163
12 23 563
12 24 543
12 25 533
12 27 725
12 29 625
12 32 961
12 35 647
12 36 411
12 37 913
12 38 186
12 39 412
12 40 96
12 42 262
12 46 808
12 47 683
12 48 768
12 50 467
12 51 447
12 52 300
12 53 657
12 54 70
12 58 567
12 59 221
12 60 188
12 61 950
12 62 263
12 63 732
12 65 614
12 66 557
12 67 833
12 73 292
12 75 374
12 76 984
12 78 567
12 79 268
12 81 607
12 85 839
12 87 883
12 90 337
12 91 718
12 95 427
12 97 898
12 98 531
12 99 628
13 1 646
13 2 34
13 3 77
13 6 268
13 10 614
13 11 5
13 12 973
13 14 122
13 16 710
13 17 314
13 18 973
13 22 871
13 23 890
13 24 990
13 27 898
13 29 303
13 30 490
13 32 609
13 33 913
13 35 921
13 36 239
13 37 956
13 38 375
13 40 857
13 43 716
13 44 337
13 45 118
13 46 204
13 48 119
13 49 794
13 50 290
13 52 871
13 53 275
13 55 603
13 56 920
13 57 695
13 58 236
13 59 540
13 63 820
13 64 730
13 66 813
13 67 6
13 68 540
13 69 530
13 70 579
13 71 602
13 73 19
13 74 436
13 75 856
13 76 602
13 78 305
13 81 448
13 83 262
13 84 7
13 85 547
13 87 689
13 88 553
13 89 313
13 90 20
13 91 28
13 92 796
13 95 581
13 98 537
13 99 808
14 1 340
14 2 526
14 3 409
14 4 35
14 5 203
14 7 987
14 8 503
14 9 180
14 13 122
14 15 203
14 16 702
14 17 143
14 18 703
14 21 995
14 23 660
14 24 723
14 25 924
14 26 369
14 27 757
14 28 377
14 29 447
14 30 112
14 32 418
14 36 943
14 37 385
14 39 788
14 42 150
14 43 123
14 44 486
14 45 415
14 46 116
14 47 714
14 49 169
14 52 928
14 55 609
14 56 781
14 58 881
14 62 254
14 65 451
14 66 249
14 68 564
14 69 648
14 71 707
14 72 30
14 76 118
14 78 597
14 79 315
14 80 427
14 81 611
14 83 135
14 85 414
14 86 877
14 88 694
14 89 324
14 92 161
14 93 47
14 94 124
14 98 251
14 99 307
15 1 418
15 3 139
15 4 728
15 5 847
15 7 990
15 8 992
15 9 919
15 11 179
15 12 821
15 14 203
15 16 237
15 17 364
15 18 565
15 19 252
15 24 730
15 25 180
15 27 531
15 29 755
15 30 187
15 31 688
15 32 58
15 33 121
15 34 84
15 35 695
15 37 65
15 39 107
15 40 921
15 42 589
15 43 454
15 45 223
15 48 765
15 49 570
15 52 948
15 53 167
15 54 953
15 55 397
15 58 464
15 59 823
15 60 963
15 61 588
15 62 953
15 64 46
15 66 417
15 67 888
15 68 297
15 69 741
15 71 303
15 72 74
15 73 553
15 75 334
15 76 299
15 77 897
15 79 933
15 82 345
15 83 555
15 86 247
15 91 281
15 93 651
15 95 978
15 97 829
15 98 681
15 99 101
16 3 506
16 6 877
16 7 780
16 9 220
16 10 996
16 13 710
16 14 702
16 15 237
16 18 299
16 19 189
16 20 181
16 23 353
16 24 440
16 25 232
16 26 641
16 29 850
16 30 75
16 31 87
16 32 977
16 33 153
16 35 649
16 36 846
16 38 812
16 39 889
16 41 814
16 42 602
16 43 150
16 46 391
16 47 287
16 49 947
16 50 918
16 51 40
16 53 45
16 54 774
16 56 509
16 57 844
16 58 68
16 59 91
16 60 564
16 61 335
16 62 822
16 63 126
16 64 434
16 65 257
16 67 493
16 68 410
16 70 711
16 74 391
16 76 42
16 78 32
16 79 656
16 80 403
16 81 341
16 82 484
16 84 217
16 86 13
16 87 388
16 89 995
16 91 953
16 93 812
16 95 906
16 96 424
16 98 688
16 99 734
17 2 123
17 3 182
17 6 643
17 7 683
17 8 306
17 10 203
17 12 652
17 13 314
17 14 143
17 15 364
17 18 329
17 19 977
17 20 408
17 21 200
17 22 728
17 23 61
17 24 604
17 25 899
17 28 61
17 31 300
17 32 392
17 33 202
17 34 350
17 35 992
17 37 595
17 41 367
17 42 145
17 43 484
17 46 840
17 48 475
17 51 915
17 52 220
17 53 728
17 56 367
17 57 170
17 58 504
17 59 686
17 60 170
17 62 920
17 63 245
17 64 199
17 65 954
17 66 374
17 67 737
17 70 45
17 71 993
17 73 257
17 77 943
17 78 878
17 82 486
17 83 485
17 84 342
17 86 551
17 87 286
17 88 179
17 89 712
17 92 482
17 94 788
17 96 363
17 97 305
17 99 381
18 1 712
18 3 427
18 4 902
18 5 171
18 8 92
18 10 904
18 11 441
18 12 308
18 13 973
18 14 703
18 15 565
18 16 299
18 17 329
18 19 271
18 20 590
18 21 782
18 22 840
18 23 2
18 24 595
18 26 222
18 29 966
18 30 984
18 31 825
18 33 563
18 34 827
18 35 443
18 42 420
18 44 269
18 46 341
18 47 762
18 48 298
18 49 389
18 50 671
18 51 833
18 53 81
18 54 306
18 55 105
18 56 42
18 60 973
18 62 491
18 63 196
18 64 19
18 66 81
18 68 57
18 70 715
18 71 423
18 72 317
18 73 489
18 76 502
18 78 35
18 79 606
18 80 91
18 82 203
18 83 364
18 84 96
18 85 640
18 86 10
18 88 704
18 89 676
18 90 942
18 91 423
18 93 587
18 94 22
18 96 233
18 97 79
18 99 246
19 3 539
19 6 581
19 8 278
19 10 395
19 12 992
19 15 252
19 16 189
19 17 977
19 18 271
19 20 535
19 22 352
19 23 630
19 24 37
19 26 344
19 27 353
19 28 994
19 31 301
19 36 561
19 37 496
19 39 285
19 40 82
19 46 21
19 47 791
19 48 563
19 49 997
19 54 963
19 55 31
19 56 443
19 57 800
19 63 410
19 64 874
19 65 798
19 66 946
19 68 48
19 71 682
19 72 132
19 74 986
19 76 194
19 77 560
19 78 3
19 79 430
19 81 572
19 83 107
19 84 503
19 86 454
19 87 604
19 92 786
19 93 797
19 94 882
19 95 802
19 96 472
19 98 973
20 1 208
20 7 490
20 8 633
20 11 581
20 12 372
20 16 181
20 17 408
20 18 590
20 19 535
20 21 740
20 24 350
20 26 482
20 28 12
20 29 482
20 30 806
20 31 934
20 33 288
20 34 455
20 35 206
20 36 65
20 37 386
20 38 871
20 39 645
20 40 947
20 41 273
20 42 285
20 44 57
20 45 966
20 46 901
20 50 953
20 51 106
20 54 351
20 55 608
20 56 21
20 58 54
20 59 707
20 61 554
20 64 558
20 66 658
20 67 65
20 71 286
20 73 808
20 74 190
20 75 974
20 76 35
20 79 735
20 81 381
20 83 429
20 84 199
20 86 418
20 87 831
20 89 107
20 91 341
20 92 733
20 93 863
20 94 458
20 96 838
20 97 425
20 98 986
20 99 406
21 1 550
21 3 329
21 4 393
21 7 284
21 8 256
21 9 472
21 11 946
21 12 573
21 14 995
21 17 200
21 18 782
21 20 740
21 22 298
21 23 792
21 24 228
21 25 659
21 26 925
21 28 840
21 29 153
21 30 808
21 31 264
21 32 572
21 33 12
21 35 124
21 36 470
21 37 683
21 38 362
21 39 995
21 40 67
21 41 652
21 42 188
21 44 543
21 45 322
21 47 508
21 48 546
21 50 311
21 52 186
21 53 822
21 57 498
21 58 799
21 59 574
21 60 248
21 62 333
21 64 332
21 65 651
21 66 676
21 67 542
21 68 82
21 71 717
21 74 53
21 75 548
21 76 349
21 78 204
21 82 155
21 83 598
21 84 95
21 86 270
21 88 996
21 90 403
21 91 716
21 92 905
21 94 14
21 95 637
21 98 802
22 3 763
22 4 281
22 6 707
22 7 470
22 8 719
22 9 798
22 11 57
22 12 163
22 13 871
22 17 728
22 18 840
22 19 352
22 21 298
22 23 84
22 24 701
22 25 457
22 27 444
22 28 603
22 30 579
22 31 118
22 32 86
22 34 425
22 35 870
22 38 653
22 39 276
22 42 958
22 43 645
22 45 171
22 47 399
22 48 585
22 50 302
22 51 999
22 52 182
22 53 346
22 54 595
22 59 611
22 60 221
22 65 242
22 66 648
22 67 306
22 70 920
22 71 62
22 72 241
22 74 926
22 77 597
22 80 681
22 82 908
22 85 440
22 86 806
22 87 44
22 89 427
22 91 320
22 93 785
22 94 208
22 95 874
22 96 918
22 97 872
22 98 584
23 2 936
23 3 86
23 5 853
23 9 616
23 10 217
23 12 563
23 13 890
23 14 660
23 16 353
23 17 61
23 18 2
23 19 630
23 21 792
23 22 84
23 25 305
23 26 196
23 29 569
23 30 215
23 31 187
23 33 796
23 35 4
23 37 79
23 38 118
23 39 170
23 40 913
23 41 385
23 46 510
23 48 672
23 49 294
23 50 854
23 51 646
23 54 276
23 55 446
23 57 502
23 62 550
23 63 880
23 64 568
23 67 995
23 69 742
23 70 526
23 71 233
23 72 69
23 73 519
23 74 178
23 75 214
23 76 341
23 77 55
23 78 61
23 79 567
23 80 402
23 81 454
23 83 101
23 84 868
23 85 820
23 87 53
23 88 848
23 89 323
23 92 74
23 95 676
23 97 722
24 1 262
24 2 930
24 3 968
24 4 195
24 6 281
24 9 405
24 10 697
24 12 543
24 13 990
24 14 723
24 15 730
24 16 440
24 17 604
24 18 595
24 19 37
24 20 350
24 21 228
24 22 701
24 25 896
24 27 192
24 28 108
24 29 594
24 30 848
24 31 570
24 32 892
24 34 422
24 35 880
24 37 119
24 38 38
24 40 235
24 45 228
24 47 135
24 48 320
24 49 272
24 53 915
24 56 36
24 57 469
24 58 208
24 60 135
24 61 414
24 62 791
24 64 849
24 68 826
24 71 826
24 75 483
24 76 167
24 78 294
24 79 471
24 80 555
24 81 499
24 85 87
24 86 44
24 88 343
24 93 11
24 95 116
24 96 65
24 97 257
24 98 571
24 99 199
25 4 982
25 5 596
25 6 862
25 8 104
25 9 286
25 11 22
25 12 533
25 14 924
25 15 180
25 16 232
25 17 899
25 21 659
25 22 457
25 23 305
25 24 896
25 28 394
25 32 220
25 34 820
25 35 720
25 36 852
25 37 476
25 38 187
25 39 14
25 40 550
25 42 26
25 45 397
25 48 225
25 50 748
25 51 374
25 52 143
25 55 650
25 57 237
25 59 62
25 66 282
25 67 119
25 69 267
25 72 999
25 73 15
25 74 82
25 75 178
25 76 179
25 77 893
25 78 756
25 79 444
25 80 471
25 81 531
25 85 977
25 86 734
25 87 160
25 88 410
25 89 549
25 90 312
25 92 851
25 94 925
25 97 427
25 98 38
26 2 354
26 6 188
26 8 440
26 9 470
26 11 939
26 14 369
26 16 641
26 18 222
26 19 344
26 20 482
26 21 925
26 23 196
26 28 550
26 29 960
26 30 476
26 32 827
26 35 422
26 36 164
26 37 295
26 38 254
26 41 610
26 42 694
26 46 746
26 48 294
26 51 674
26 52 189
26 53 205
26 54 117
26 55 991
26 56 551
26 57 60
26 58 125
26 59 142
26 61 790
26 68 164
26 70 38
26 71 865
26 72 252
26 73 448
26 74 298
26 75 466
26 78 369
26 80 810
26 81 416
26 82 638
26 83 377
26 85 443
26 86 600
26 87 468
26 88 384
26 92 52
26 94 212
26 95 394
26 96 700
26 98 629
27 1 336
27 3 966
27 5 175
27 6 367
27 7 778
27 9 891
27 10 239
27 12 725
27 13 898
27 14 757
27 15 531
27 19 353
27 22 444
27 24 192
27 28 26
27 30 38
27 33 70
27 35 74
27 37 13
27 39 587
27 40 685
27 41 586
27 42 678
27 45 237
27 46 143
27 48 104
27 50 203
27 51 402
27 52 366
27 55 893
27 56 385
27 57 814
27 58 914
27 59 598
27 60 259
27 61 257
27 62 908
27 63 130
27 66 472
27 67 292
27 68 857
27 70 931
27 72 796
27 74 409
27 76 526
27 77 615
27 80 790
27 83 461
27 85 552
27 86 245
27 87 744
27 89 501
27 90 20
27 92 857
27 93 713
27 94 988
27 95 138
27 96 420
27 97 155
27 98 898
28 3 1
28 4 1
28 6 712
28 7 543
28 9 252
28 10 365
28 11 802
28 14 377
28 17 61
28 19 994
28 20 12
28 21 840
28 22 603
28 24 108
28 25 394
28 26 550
28 27 26
28 29 177
28 30 71
28 31 53
28 33 34
28 35 619
28 36 735
28 37 369
28 39 919
28 40 299
28 42 495
28 43 431
28 44 864
28 47 106
28 48 748
28 50 170
28 51 95
28 52 443
28 53 449
28 54 767
28 55 720
28 57 371
28 58 801
28 60 982
28 62 641
28 65 492
28 70 400
28 73 310
28 74 907
28 75 645
28 77 588
28 80 472
28 81 8
28 85 832
28 86 247
28 87 878
28 88 205
28 89 242
28 90 327
28 92 655
28 93 509
28 96 713
28 99 371
29 1 360
29 3 182
29 4 413
29 5 837
29 6 203
29 7 774
29 8 894
29 9 511
29 11 110
29 12 625
29 13 303
29 14 447
29 15 755
29 16 850
29 18 966
29 20 482
29 21 153
29 23 569
29 24 594
29 26 960
29 28 177
29 30 464
29 33 140
29 37 587
29 38 718
29 39 387
29 40 845
29 41 225
29 44 41
29 45 655
29 50 824
29 51 18
29 52 969
29 54 442
29 55 921
29 57 561
29 58 344
29 59 827
29 61 433
29 62 69
29 63 530
29 65 135
29 69 292
29 70 713
29 72 701
29 73 194
29 74 419
29 75 899
29 77 980
29 78 625
29 79 975
29 80 322
29 82 719
29 83 810
29 84 635
29 85 963
29 87 781
29 92 770
29 94 942
29 95 341
29 99 937
30 2 409
30 4 500
30 5 359
30 6 655
30 8 651
30 9 58
30 10 927
30 13 490
30 14 112
30 15 187
30 16 75
30 18 984
30 20 806
30 21 808
30 22 579
30 23 215
30 24 848
30 26 476
30 27 38
30 28 71
30 29 464
30 31 321
30 33 628
30 38 949
30 42 695
30 44 103
30 45 477
30 47 217
30 52 230
30 53 884
30 57 885
30 58 20
30 59 987
30 61 979
30 63 196
30 65 620
30 67 362
30 72 20
30 73 749
30 74 262
30 77 535
30 78 452
30 79 654
30 80 766
30 83 814
30 85 537
30 86 167
30 87 182
30 90 171
30 91 32
30 93 626
30 95 177
30 97 332
30 98 871
30 99 776
31 1 115
31 2 648
31 3 162
31 4 123
31 6 419
31 8 477
31 10 948
31 15 688
31 16 87
31 17 300
31 18 825
31 19 301
31 20 934
31 21 264
31 22 118
31 23 187
31 24 570
31 28 53
31 30 321
31 32 545
31 33 882
31 37 765
31 39 237
31 43 448
31 44 672
31 46 858
31 47 443
31 48 844
31 50 410
31 51 408
31 52 366
31 53 498
31 54 942
31 55 61
31 56 869
31 58 164
31 61 103
31 65 913
31 70 933
31 72 316
31 73 566
31 74 208
31 76 72
31 77 587
31 80 417
31 81 941
31 83 78
31 86 641
31 90 639
31 91 921
31 92 512
31 93 219
31 94 896
31 95 739
31 97 692
31 98 723
32 2 250
32 3 644
32 4 825
32 5 843
32 7 285
32 12 961
32 13 609
32 14 418
32 15 58
32 16 977
32 17 392
32 21 572
32 22 86
32 24 892
32 25 220
32 26 827
32 31 545
32 33 672
32 34 620
32 38 723
32 39 28
32 41 442
32 42 15
32 43 53
32 44 892
32 48 686
32 49 24
32 50 539
32 52 900
32 55 565
32 56 780
32 57 628
32 59 318
32 61 938
32 62 308
32 63 801
32 64 668
32 65 134
32 66 19
32 67 69
32 68 693
32 71 879
32 75 231
32 76 776
32 77 977
32 79 649
32 80 218
32 82 67
32 86 240
32 89 640
32 91 581
32 92 569
32 95 784
32 96 394
32 97 597
32 98 416
32 99 357
33 1 148
33 2 963
33 3 63
33 4 455
33 6 418
33 7 934
33 8 81
33 10 400
33 11 921
33 13 913
33 15 121
33 16 153
33 17 202
33 18 563
33 20 288
33 21 12
33 23 796
33 27 70
33 28 34
33 29 140
33 30 628
33 31 882
33 32 672
33 34 189
33 36 788
33 37 620
33 38 773
33 39 202
33 43 100
33 44 312
33 46 583
33 47 878
33 50 585
33 52 415
33 53 272
33 54 203
33 55 408
33 58 620
33 61 652
33 62 380
33 63 704
33 66 807
33 67 967
33 69 167
33 70 198
33 71 641
33 72 902
33 73 863
33 75 97
33 77 475
33 78 658
33 79 666
33 80 347
33 81 262
33 84 917
33 85 941
33 88 741
33 89 21
33 93 115
33 96 616
33 97 349
33 99 931
34 2 969
34 3 547
34 7 699
34 10 207
34 11 622
34 15 84
34 17 350
34 18 827
34 20 455
34 22 425
34 24 422
34 25 820
34 32 620
34 33 189
34 35 724
34 36 501
34 38 586
34 39 387
34 40 174
34 41 859
34 42 941
34 48 413
34 49 484
34 50 472
34 51 596
34 56 303
34 59 818
34 60 614
34 63 564
34 64 92
34 66 384
34 69 48
34 70 393
34 71 813
34 72 868
34 73 961
34 75 921
34 79 816
34 81 245
34 82 875
34 83 152
34 84 911
34 86 894
34 87 199
34 89 744
34 93 217
34 95 597
34 97 331
34 98 43
35 2 730
35 4 4
35 6 22
35 7 805
35 8 393
35 12 647
35 13 921
35 15 695
35 16 649
35 17 992
35 18 443
35 20 206
35 21 124
35 22 870
35 23 4
35 24 880
35 25 720
35 26 422
35 27 74
35 28 619
35 34 724
35 38 913
35 39 729
35 40 229
35 41 409
35 42 576
35 43 288
35 44 171
35 45 46
35 47 739
35 48 192
35 49 933
35 50 742
35 51 54
35 54 629
35 55 820
35 56 58
35 59 525
35 60 142
35 63 351
35 66 406
35 67 804
35 68 503
35 74 343
35 75 591
35 77 35
35 80 660
35 82 292
35 83 250
35 85 621
35 87 25
35 89 322
35 90 278
35 91 293
35 92 746
35 93 345
35 94 28
35 95 543
35 98 911
36 1 756
36 2 962
36 3 426
36 4 365
36 5 911
36 6 114
36 7 470
36 11 609
36 12 411
36 13 239
36 14 943
36 16 846
36 19 561
36 20 65
36 21 470
36 25 852
36 26 164
36 28 735
36 33 788
36 34 501
36 37 31
36 38 382
36 39 592
36 40 193
36 44 635
36 45 12
36 47 179
36 48 263
36 50 459
36 52 216
36 56 58
36 57 793
36 58 588
36 60 939
36 62 344
36 64 375
36 65 379
36 68 237
36 69 142
36 72 604
36 73 659
36 75 275
36 77 398
36 78 806
36 79 451
36 80 863
36 81 410
36 82 705
36 83 714
36 84 907
36 85 914
36 86 811
36 87 640
36 90 622
36 92 355
36 94 974
36 95 677
36 96 253
36 97 156
37 1 914
37 6 893
37 10 375
37 11 206
37 12 913
37 13 956
37 14 385
37 15 65
37 17 595
37 19 496
37 20 386
37 21 683
37 23 79
37 24 119
37 25 476
37 26 295
37 27 13
37 28 369
37 29 587
37 31 765
37 33 620
37 36 31
37 38 778
37 40 995
37 41 949
37 42 617
37 43 320
37 44 282
37 47 484
37 49 334
37 51 878
37 52 750
37 53 793
37 54 400
37 56 85
37 57 838
37 58 354
37 61 476
37 62 107
37 63 864
37 65 158
37 66 620
37 67 971
37 68 645
37 69 978
37 70 155
37 71 775
37 72 475
37 74 292
37 75 828
37 76 642
37 80 212
37 81 199
37 83 649
37 85 796
37 87 642
37 88 449
37 89 795
37 93 174
37 94 805
37 95 282
37 96 205
37 97 65
37 98 456
37 99 644
38 1 691
38 2 5
38 7 135
38 10 293
38 11 692
38 12 186
38 13 375
38 16 812
38 20 871
38 21 362
38 22 653
38 23 118
38 24 38
38 25 187
38 26 254
38 29 718
38 30 949
38 32 723
38 33 773
38 34 586
38 35 913
38 36 382
38 37 778
38 39 95
38 40 744
38 42 697
38 44 753
38 45 266
38 46 371
38 49 843
38 50 377
38 51 606
38 52 11
38 53 884
38 55 888
38 56 183
38 58 975
38 61 746
38 63 207
38 65 790
38 66 850
38 68 592
38 69 845
38 70 620
38 72 512
38 73 505
38 77 605
38 78 161
38 79 86
38 83 101
38 84 806
38 86 177
38 87 251
38 89 152
38 91 886
38 93 292
38 94 631
38 95 811
38 98 964
39 2 657
39 3 858
39 4 542
39 6 107
39 7 329
39 9 282
39 11 367
39 12 412
39 14 788
39 15 107
39 16 889
39 19 285
39 20 645
39 21 995
39 22 276
39 23 170
39 25 14
39 27 587
39 28 919
39 29 387
39 31 237
39 32 28
39 33 202
39 34 387
39 35 729
39 36 592
39 38 95
39 42 277
39 44 501
39 46 69
39 48 869
39 49 603
39 50 851
39 51 537
39 52 286
39 53 55
39 54 117
39 57 406
39 58 572
39 59 247
39 63 735
39 65 906
39 67 571
39 69 899
39 70 746
39 71 717
39 74 228
39 76 723
39 77 917
39 80 650
39 82 779
39 83 211
39 84 959
39 85 20
39 88 9
39 89 150
39 90 8
39 91 213
39 93 573
39 94 130
39 95 851
39 97 409
39 98 601
39 99 539
40 1 381
40 2 510
40 3 556
40 5 587
40 6 740
40 7 341
40 9 596
40 10 812
40 11 267
40 12 96
40 13 857
40 15 921
40 19 82
40 20 947
40 21 67
40 23 913
40 24 235
40 25 550
40 27 685
40 28 299
40 29 845
40 34 174
40 35 229
40 36 193
40 37 995
40 38 744
40 42 856
40 44 808
40 45 778
40 46 580
40 49 614
40 50 956
40 54 333
40 56 671
40 58 701
40 60 840
40 61 784
40 62 868
40 64 499
40 66 576
40 68 572
40 70 171
40 71 647
40 73 903
40 74 147
40 75 281
40 76 254
40 78 62
40 79 260
40 81 107
40 84 923
40 85 76
40 90 639
40 91 349
40 92 731
40 93 686
40 94 358
40 95 623
40 96 652
40 98 464
40 99 361
41 1 966
41 3 761
41 7 489
41 8 304
41 9 208
41 10 603
41 11 483
41 16 814
41 17 367
41 20 273
41 21 652
41 23 385
41 26 610
41 27 586
41 29 225
41 32 442
41 34 859
41 35 409
41 37 949
41 42 383
41 43 345
41 44 822
41 46 6
41 47 751
41 48 289
41 49 224
41 50 683
41 51 831
41 52 773
41 55 556
41 56 154
41 57 332
41 58 75
41 60 408
41 65 447
41 66 967
41 67 919
41 69 147
41 71 94
41 72 698
41 74 856
41 77 923
41 79 544
41 83 159
41 85 117
41 87 592
41 89 928
41 91 965
41 94 666
41 95 409
41 96 526
41 98 552
41 99 871
42 4 185
42 5 997
42 6 409
42 7 417
42 8 609
42 9 226
42 10 524
42 12 262
42 14 150
42 15 589
42 16 602
42 17 145
42 18 420
42 20 285
42 21 188
42 22 958
42 25 26
42 26 694
42 27 678
42 28 495
42 30 695
42 32 15
42 34 941
42 35 576
42 37 617
42 38 697
42 39 277
42 40 856
42 41 383
42 46 179
42 47 170
42 49 444
42 50 793
42 51 540
42 54 140
42 57 825
42 58 823
42 59 178
42 60 342
42 62 800
42 63 390
42 66 155
42 68 986
42 72 461
42 77 653
42 78 831
42 81 684
42 82 529
42 83 143
42 84 643
42 89 939
42 90 893
42 91 329
42 93 506
42 94 522
42 95 32
42 98 198
42 99 312
43 2 41
43 5 167
43 6 506
43 7 290
43 9 950
43 10 7
43 11 363
43 13 716
43 14 123
43 15 454
43 16 150
43 17 484
43 22 645
43 28 431
43 31 448
43 32 53
43 33 100
43 35 288
43 37 320
43 41 345
43 45 700
43 46 340
43 47 55
43 49 568
43 50 202
43 52 711
43 54 151
43 55 579
43 56 469
43 58 881
43 60 550
43 62 875
43 63 75
43 65 251
43 66 651
43 67 460
43 68 463
43 69 630
43 70 369
43 72 620
43 73 817
43 75 583
43 76 642
43 81 167
43 82 254
43 84 786
43 85 730
43 86 126
43 87 435
43 88 116
43 89 56
43 90 596
43 91 786
43 92 207
43 94 52
43 95 403
43 96 449
43 98 750
43 99 905
44 2 51
44 3 591
44 4 482
44 5 832
44 7 45
44 9 311
44 11 671
44 13 337
44 14 486
44 18 269
44 20 57
44 21 543
44 28 864
44 29 41
44 30 103
44 31 672
44 32 892
44 33 312
44 35 171
44 36 635
44 37 282
44 38 753
44 39 501
44 40 808
44 41 822
44 45 454
44 53 754
44 54 944
44 55 73
44 57 329
44 59 409
44 62 900
44 66 3
44 67 567
44 70 438
44 72 717
44 73 550
44 75 593
44 80 163
44 84 587
44 87 746
44 89 804
44 90 81
44 91 199
44 92 300
44 96 602
44 97 646
44 98 643
45 1 25
45 3 681
45 4 1
45 6 326
45 7 452
45 11 295
45 13 118
45 14 415
45 15 223
45 20 966
45 21 322
45 22 171
45 24 228
45 25 397
45 27 237
45 29 655
45 30 477
45 35 46
45 36 12
45 38 266
45 40 778
45 43 700
45 44 454
45 46 502
45 47 607
45 50 973
45 52 214
45 53 330
45 54 462
45 56 979
45 57 357
45 59 450
45 61 900
45 62 377
45 63 608
45 64 510
45 65 750
45 66 464
45 71 238
45 73 624
45 74 32
45 75 74
45 77 733
45 78 722
45 79 846
45 80 63
45 81 843
45 83 676
45 84 34
45 87 985
45 88 77
45 90 220
45 92 733
45 94 977
45 95 462
45 98 908
45 99 484
46 1 483
46 2 76
46 3 825
46 5 207
46 7 653
46 9 355
46 10 119
46 11 548
46 12 808
46 13 204
46 14 116
46 16 391
46 17 840
46 18 341
46 19 21
46 20 901
46 23 510
46 26 746
46 27 143
46 31 858
46 33 583
46 38 371
46 39 69
46 40 580
46 41 6
46 42 179
46 43 340
46 45 502
46 47 990
46 49 313
46 50 122
46 51 182
46 52 972
46 55 6
46 56 199
46 58 523
46 59 428
46 60 694
46 61 810
46 62 661
46 66 640
46 68 535
46 70 492
46 72 282
46 81 751
46 82 286
46 83 718
46 84 491
46 88 906
46 89 675
46 90 505
46 93 975
46 94 576
46 95 967
46 96 960
46 97 886
46 98 850
47 3 721
47 8 469
47 11 725
47 12 683
47 14 714
47 16 287
47 18 762
47 19 791
47 21 508
47 22 399
47 24 135
47 28 106
47 30 217
47 31 443
47 33 878
47 35 739
47 36 179
47 37 484
47 41 751
47 42 170
47 43 55
47 45 607
47 46 990
47 48 90
47 49 763
47 50 935
47 51 150
47 53 326
47 55 662
47 56 415
47 57 578
47 61 467
47 62 254
47 64 170
47 65 387
47 66 577
47 67 129
47 68 72
47 70 739
47 74 392
47 77 254
47 78 73
47 79 515
47 80 870
47 83 929
47 86 593
47 89 724
47 90 604
47 91 604
47 92 960
47 93 931
47 94 150
47 95 71
48 4 905
48 5 441
48 6 507
48 9 118
48 12 768
48 13 119
48 15 765
48 17 475
48 18 298
48 19 563
48 21 546
48 22 585
48 23 672
48 24 320
48 25 225
48 26 294
48 27 104
48 28 748
48 31 844
48 32 686
48 34 413
48 35 192
48 36 263
48 39 869
48 41 289
48 47 90
48 49 197
48 51 855
48 53 263
48 57 680
48 60 138
48 61 175
48 62 568
48 66 29
48 68 863
48 69 959
48 70 147
48 72 67
48 73 850
48 74 874
48 75 651
48 80 403
48 84 372
48 85 891
48 88 154
48 89 369
48 90 25
48 92 115
48 94 371
48 96 286
48 99 852
49 1 847
49 5 309
49 6 179
49 13 794
49 14 169
49 15 570
49 16 947
49 18 389
49 19 997
49 23 294
49 24 272
49 32 24
49 34 484
49 35 933
49 37 334
49 38 843
49 39 603
49 40 614
49 41 224
49 42 444
49 43 568
49 46 313
49 47 763
49 48 197
49 50 896
49 51 692
49 52 66
49 54 663
49 56 804
49 57 295
49 58 965
49 59 306
49 60 672
49 63 616
49 64 446
49 66 907
49 67 459
49 68 132
49 69 354
49 71 907
49 72 652
49 75 841
49 78 112
49 79 214
49 81 695
49 83 624
49 84 734
49 85 419
49 86 11
49 89 855
49 90 26
49 91 614
49 93 333
49 94 804
49 95 925
49 96 435
49 97 497
49 99 348
50 1 34
50 3 857
50 5 244
50 7 807
50 8 79
50 10 595
50 11 55
50 12 467
50 13 290
50 16 918
50 18 671
50 20 953
50 21 311
50 22 302
50 23 854
50 25 748
50 27 203
50 28 170
50 29 824
50 31 410
50 32 539
50 33 585
50 34 472
50 35 742
50 36 459
50 38 377
50 39 851
50 40 956
50 41 683
50 42 793
50 43 202
50 45 973
50 46 122
50 47 935
50 49 896
50 51 713
50 52 929
50 54 450
50 58 18
50 60 263
50 62 23
50 63 370
50 64 554
50 65 363
50 68 434
50 70 378
50 72 191
50 76 61
50 77 910
50 78 826
50 79 792
50 80 448
50 81 243
50 83 634
50 84 153
50 86 57
50 88 974
50 89 758
50 90 105
50 91 224
50 92 997
50 94 473
50 96 824
50 97 23
51 1 436
51 2 78
51 3 578
51 6 271
51 7 206
51 8 93
51 9 349
51 11 708
51 12 447
51 16 40
51 17 915
51 18 833
51 20 106
51 22 999
51 23 646
51 25 374
51 26 674
51 27 402
51 28 95
51 29 18
51 31 408
51 34 596
51 35 54
51 37 878
51 38 606
51 39 537
51 41 831
51 42 540
51 46 182
51 47 150
51 48 855
51 49 692
51 50 713
51 53 207
51 54 551
51 55 845
51 58 732
51 59 861
51 60 498
51 62 283
51 63 762
51 65 499
51 66 45
51 67 457
51 69 505
51 72 269
51 75 80
51 76 954
51 77 111
51 78 297
51 79 282
51 81 881
51 83 54
51 84 246
51 88 776
51 92 703
51 93 647
51 95 979
51 96 883
51 98 759
51 99 331
52 1 300
52 3 271
52 5 946
52 6 556
52 7 468
52 8 740
52 9 202
52 10 489
52 12 300
52 13 871
52 14 928
52 15 948
52 17 220
52 21 186
52 22 182
52 25 143
52 26 189
52 27 366
52 28 443
52 29 969
52 30 230
52 31 366
52 32 900
52 33 415
52 36 216
52 37 750
52 38 11
52 39 286
52 41 773
52 43 711
52 45 214
52 46 972
52 49 66
52 50 929
52 55 626
52 56 260
52 57 167
52 60 673
52 62 857
52 63 299
52 64 524
52 65 525
52 67 718
52 68 349
52 69 611
52 70 886
52 72 434
52 75 63
52 76 203
52 78 927
52 79 480
52 80 425
52 81 190
52 82 585
52 89 855
52 90 814
52 95 939
52 96 131
52 97 68
52 98 960
53 3 401
53 5 235
53 6 861
53 7 244
53 8 881
53 9 86
53 10 303
53 11 705
53 12 657
53 13 275
53 15 167
53 16 45
53 17 728
53 18 81
53 21 822
53 22 346
53 24 915
53 26 205
53 28 449
53 30 884
53 31 498
53 33 272
53 37 793
53 38 884
53 39 55
53 44 754
53 45 330
53 47 326
53 48 263
53 51 207
53 54 668
53 55 168
53 60 739
53 63 124
53 66 791
53 68 158
53 69 94
53 70 926
53 71 64
53 72 645
53 74 355
53 77 95
53 79 662
53 80 233
53 81 252
53 82 964
53 83 54
53 85 571
53 89 961
53 92 624
53 93 767
53 94 208
53 99 659
54 1 695
54 2 513
54 3 299
54 4 849
54 5 763
54 6 818
54 7 240
54 8 774
54 9 783
54 10 849
54 12 70
54 15 953
54 16 774
54 18 306
54 19 963
54 20 351
54 22 595
54 23 276
54 26 117
54 28 767
54 29 442
54 31 942
54 33 203
54 35 629
54 37 400
54 39 117
54 40 333
54 42 140
54 43 151
54 44 944
54 45 462
54 49 663
54 50 450
54 51 551
54 53 668
54 55 480
54 58 604
54 61 842
54 63 541
54 64 516
54 65 897
54 66 909
54 69 900
54 70 103
54 71 361
54 72 562
54 75 284
54 76 224
54 81 57
54 82 706
54 83 336
54 84 531
54 86 685
54 87 266
54 88 126
54 90 345
54 92 854
54 93 551
54 94 915
54 97 344
54 98 294
55 1 731
55 3 348
55 5 467
55 7 520
55 8 18
55 9 483
55 11 934
55 13 603
55 14 609
55 15 397
55 18 105
55 19 31
55 20 608
55 23 446
55 25 650
55 26 991
55 27 893
55 28 720
55 29 921
55 31 61
55 32 565
55 33 408
55 35 820
55 38 888
55 41 556
55 43 579
55 44 73
55 46 6
55 47 662
55 51 845
55 52 626
55 53 168
55 54 480
55 56 908
55 57 222
55 58 507
55 59 455
55 62 476
55 63 543
55 64 450
55 66 394
55 68 452
55 71 319
55 72 735
55 73 746
55 74 940
55 77 568
55 78 68
55 79 468
55 80 499
55 83 993
55 84 497
55 85 531
55 86 238
55 88 451
55 90 646
55 91 427
55 92 369
55 94 551
55 96 795
55 97 471
55 99 68
56 1 323
56 3 774
56 5 464
56 6 654
56 13 920
56 14 781
56 16 509
56 17 367
56 18 42
56 19 443
56 20 21
56 24 36
56 26 551
56 27 385
56 31 869
56 32 780
56 34 303
56 35 58
56 36 58
56 37 85
56 38 183
56 40 671
56 41 154
56 43 469
56 45 979
56 46 199
56 47 415
56 49 804
56 52 260
56 55 908
56 57 310
56 60 744
56 61 810
56 62 944
56 66 133
56 67 112
56 68 310
56 69 305
56 71 805
56 72 674
56 73 538
56 74 61
56 75 648
56 77 876
56 78 344
56 79 836
56 80 858
56 81 415
56 83 653
56 86 475
56 87 327
56 88 134
56 90 966
56 91 60
56 92 623
56 95 594
56 98 298
56 99 210
57 3 572
57 4 425
57 6 881
57 9 247
57 10 75
57 11 172
57 13 695
57 16 844
57 17 170
57 19 800
57 21 498
57 23 502
57 24 469
57 25 237
57 26 60
57 27 814
57 28 371
57 29 561
57 30 885
57 32 628
57 36 793
57 37 838
57 39 406
57 41 332
57 42 825
57 44 329
57 45 357
57 47 578
57 48 680
57 49 295
57 52 167
57 55 222
57 56 310
57 58 396
57 61 461
57 66 196
57 67 770
57 68 440
57 70 335
57 71 400
57 74 200
57 77 155
57 78 876
57 79 682
57 80 917
57 82 576
57 83 320
57 84 222
57 85 24
57 87 355
57 88 817
57 90 440
57 91 559
57 93 535
57 94 547
57 96 617
57 98 77
57 99 74
58 1 567
58 2 727
58 3 541
58 4 804
58 6 605
58 7 850
58 9 134
58 10 339
58 11 416
58 12 567
58 13 236
58 14 881
58 15 464
58 16 68
58 17 504
58 20 54
58 21 799
58 24 208
58 26 125
58 27 914
58 28 801
58 29 344
58 30 20
58 31 164
58 33 620
58 36 588
58 37 354
58 38 975
58 39 572
58 40 701
58 41 75
58 42 823
58 43 881
58 46 523
58 49 965
58 50 18
58 51 732
58 54 604
58 55 507
58 57 396
58 59 387
58 63 506
58 66 6
58 67 59
58 69 137
58 71 430
58 73 391
58 78 158
58 79 431
58 81 775
58 82 951
58 86 899
58 88 174
58 89 599
58 91 35
58 92 449
58 93 197
59 3 137
59 4 812
59 6 803
59 11 941
59 12 221
59 13 540
59 15 823
59 16 91
59 17 686
59 20 707
59 21 574
59 22 611
59 25 62
59 26 142
59 27 598
59 29 827
59 30 987
59 32 318
59 34 818
59 35 525
59 39 247
59 42 178
59 44 409
59 45 450
59 46 428
59 49 306
59 51 861
59 55 455
59 58 387
59 61 562
59 62 828
59 63 973
59 65 119
59 69 889
59 70 606
59 71 727
59 75 389
59 77 449
59 82 688
59 84 971
59 86 104
59 88 899
59 90 593
59 91 262
59 92 225
59 93 234
59 94 698
59 95 790
59 96 693
59 97 422
59 98 658
60 1 184
60 3 709
60 4 14
60 5 967
60 7 780
60 8 871
60 10 526
60 11 146
60 12 188
60 15 963
60 16 564
60 17 170
60 18 973
60 21 248
60 22 221
60 24 135
60 27 259
60 28 982
60 34 614
60 35 142
60 36 939
60 40 840
60 41 408
60 42 342
60 43 550
60 46 694
60 48 138
60 49 672
60 50 263
60 51 498
60 52 673
60 53 739
60 56 744
60 61 400
60 62 582
60 63 191
60 65 913
60 69 401
60 70 672
60 71 392
60 73 694
60 74 361
60 76 863
60 77 628
60 78 188
60 79 218
60 80 281
60 81 927
60 82 323
60 83 94
60 84 691
60 85 862
60 87 19
60 89 537
60 93 339
60 94 27
60 95 371
60 96 712
60 98 911
60 99 980
61 1 220
61 2 70
61 5 647
61 6 853
61 7 415
61 10 398
61 11 552
61 12 950
61 15 588
61 16 335
61 20 554
61 24 414
61 26 790
61 27 257
61 29 433
61 30 979
61 31 103
61 32 938
61 33 652
61 37 476
61 38 746
61 40 784
61 45 900
61 46 810
61 47 467
61 48 175
61 54 842
61 56 810
61 57 461
61 59 562
61 60 400
61 64 413
61 65 852
61 66 165
61 67 315
61 69 916
61 75 63
61 76 334
61 79 38
61 81 388
61 82 564
61 83 233
61 84 461
61 86 307
61 87 10
61 91 89
61 95 523
61 97 866
61 98 277
62 1 525
62 2 800
62 3 151
62 5 882
62 6 88
62 8 290
62 9 442
62 12 263
62 14 254
62 15 953
62 16 822
62 17 920
62 18 491
62 21 333
62 23 550
62 24 791
62 27 908
62 28 641
62 29 69
62 32 308
62 33 380
62 36 344
62 37 107
62 40 868
62 42 800
62 43 875
62 44 900
62 45 377
62 46 661
62 47 254
62 48 568
62 50 23
62 51 283
62 52 857
62 55 476
62 56 944
62 59 828
62 60 582
62 63 58
62 65 827
62 67 125
62 71 901
62 73 565
62 74 199
62 75 279
62 76 144
62 82 178
62 83 352
62 84 18
62 85 939
62 86 170
62 87 691
62 88 923
62 91 679
62 92 669
62 94 198
62 97 191
62 98 794
62 99 591
63 4 575
63 6 415
63 7 908
63 8 348
63 12 732
63 13 820
63 16 126
63 17 245
63 18 196
63 19 410
63 23 880
63 27 130
63 29 530
63 30 196
63 32 801
63 33 704
63 34 564
63 35 351
63 37 864
63 38 207
63 39 735
63 42 390
63 43 75
63 45 608
63 49 616
63 50 370
63 51 762
63 52 299
63 53 124
63 54 541
63 55 543
63 58 506
63 59 973
63 60 191
63 62 58
63 64 30
63 65 795
63 66 289
63 67 838
63 68 752
63 69 884
63 70 380
63 73 512
63 74 31
63 77 911
63 78 536
63 79 654
63 81 717
63 83 160
63 84 228
63 86 862
63 90 843
63 91 227
63 92 101
63 95 64
63 96 601
63 97 511
63 99 924
64 2 735
64 3 269
64 7 722
64 8 257
64 9 544
64 10 69
64 11 858
64 13 730
64 15 46
64 16 434
64 17 199
64 18 19
64 19 874
64 20 558
64 21 332
64 23 568
64 24 849
64 32 668
64 34 92
64 36 375
64 40 499
64 45 510
64 47 170
64 49 446
64 50 554
64 52 524
64 54 516
64 55 450
64 61 413
64 63 30
64 68 14
64 69 793
64 70 861
64 71 421
64 75 862
64 76 126
64 77 345
64 84 758
64 86 596
64 88 76
64 89 851
64 90 36
64 91 920
64 92 795
64 93 826
64 94 920
64 96 610
64 97 660
64 99 777
65 1 656
65 2 472
65 4 176
65 5 933
65 6 527
65 8 433
65 9 100
65 12 614
65 14 451
65 16 257
65 17 954
65 19 798
65 21 651
65 22 242
65 28 492
65 29 135
65 30 620
65 31 913
65 32 134
65 36 379
65 37 158
65 38 790
65 39 906
65 41 447
65 43 251
65 45 750
65 47 387
65 50 363
65 51 499
65 52 525
65 54 897
65 59 119
65 60 913
65 61 852
65 62 827
65 63 795
65 66 607
65 67 175
65 68 603
65 69 207
65 70 369
65 71 742
65 72 923
65 73 234
65 75 831
65 76 116
65 77 964
65 79 188
65 81 233
65 82 346
65 83 341
65 85 192
65 86 12
65 87 271
65 88 846
65 93 750
65 95 542
65 96 649
65 98 667
65 99 799
66 1 636
66 4 327
66 5 642
66 6 156
66 7 493
66 8 315
66 11 338
66 12 557
66 13 813
66 14 249
66 15 417
66 17 374
66 18 81
66 19 946
66 20 658
66 21 676
66 22 648
66 25 282
66 27 472
66 32 19
66 33 807
66 34 384
66 35 406
66 37 620
66 38 850
66 40 576
66 41 967
66 42 155
66 43 651
66 44 3
66 45 464
66 46 640
66 47 577
66 48 29
66 49 907
66 51 45
66 53 791
66 54 909
66 55 394
66 56 133
66 57 196
66 58 6
66 61 165
66 63 289
66 65 607
66 68 234
66 69 857
66 71 515
66 72 638
66 73 917
66 76 795
66 77 216
66 83 393
66 84 385
66 85 105
66 86 189
66 88 946
66 89 368
66 91 985
66 93 866
66 95 843
66 97 174
67 4 933
67 5 547
67 8 526
67 9 865
67 10 891
67 12 833
67 13 6
67 15 888
67 16 493
67 17 737
67 20 65
67 21 542
67 22 306
67 23 995
67 25 119
67 27 292
67 30 362
67 32 69
67 33 967
67 35 804
67 37 971
67 39 571
67 41 919
67 43 460
67 44 567
67 47 129
67 49 459
67 51 457
67 52 718
67 56 112
67 57 770
67 58 59
67 61 315
67 62 125
67 63 838
67 65 175
67 68 978
67 69 838
67 72 512
67 74 4
67 75 406
67 76 735
67 77 864
67 80 595
67 82 407
67 83 923
67 84 480
67 85 21
67 86 937
67 87 172
67 88 988
67 89 722
67 91 376
67 93 388
67 94 87
67 95 145
67 97 509
67 98 611
67 99 497
68 1 334
68 3 318
68 5 378
68 6 411
68 7 482
68 9 486
68 10 782
68 11 531
68 13 540
68 14 564
68 15 297
68 16 410
68 18 57
68 19 48
68 21 82
68 24 826
68 26 164
68 27 857
68 32 693
68 35 503
68 36 237
68 37 645
68 38 592
68 40 572
68 42 986
68 43 463
68 46 535
68 47 72
68 48 863
68 49 132
68 50 434
68 52 349
68 53 158
68 55 452
68 56 310
68 57 440
68 63 752
68 64 14
68 65 603
68 66 234
68 67 978
68 69 473
68 70 990
68 72 717
68 73 514
68 74 430
68 75 899
68 76 861
68 81 318
68 83 653
68 84 797
68 85 90
68 86 781
68 87 815
68 89 480
68 90 974
68 91 479
68 93 67
68 98 251
69 2 919
69 3 616
69 4 933
69 5 980
69 7 602
69 8 524
69 9 509
69 10 28
69 11 535
69 13 530
69 14 648
69 15 741
69 23 742
69 25 267
69 29 292
69 33 167
69 34 48
69 36 142
69 37 978
69 38 845
69 39 899
69 41 147
69 43 630
69 48 959
69 49 354
69 51 505
69 52 611
69 53 94
69 54 900
69 56 305
69 58 137
69 59 889
69 60 401
69 61 916
69 63 884
69 64 793
69 65 207
69 66 857
69 67 838
69 68 473
69 70 734
69 71 862
69 72 564
69 74 86
69 75 226
69 76 244
69 80 906
69 81 789
69 84 263
69 85 213
69 86 874
69 87 186
69 96 173
69 97 19
70 2 338
70 3 615
70 4 231
70 5 296
70 7 134
70 8 515
70 11 511
70 13 579
70 16 711
70 17 45
70 18 715
70 22 920
70 23 526
70 26 38
70 27 931
70 28 400
70 29 713
70 31 933
70 33 198
70 34 393
70 37 155
70 38 620
70 39 746
70 40 171
70 43 369
70 44 438
70 46 492
70 47 739
70 48 147
70 50 378
70 52 886
70 53 926
70 54 103
70 57 335
70 59 606
70 60 672
70 63 380
70 64 861
70 65 369
70 68 990
70 69 734
70 71 701
70 72 244
70 73 600
70 74 371
70 76 591
70 77 783
70 80 773
70 82 101
70 87 470
70 88 458
70 89 79
70 90 989
70 92 567
70 93 968
70 94 506
70 95 598
70 96 951
70 97 521
70 98 950
71 1 963
71 2 525
71 3 123
71 5 265
71 6 985
71 8 605
71 10 293
71 11 328
71 13 602
71 14 707
71 15 303
71 17 993
71 18 423
71 19 682
71 20 286
71 21 717
71 22 62
71 23 233
71 24 826
71 26 865
71 32 879
71 33 641
71 34 813
71 37 775
71 39 717
71 40 647
71 41 94
71 45 238
71 49 907
71 53 64
71 54 361
71 55 319
71 56 805
71 57 400
71 58 430
71 59 727
71 60 392
71 62 901
71 64 421
71 65 742
71 66 515
71 69 862
71 70 701
71 72 875
71 74 843
71 76 513
71 78 917
71 79 64
71 80 490
71 82 664
71 83 899
71 84 369
71 85 617
71 86 215
71 87 847
71 88 542
71 89 750
71 90 905
71 91 495
71 93 752
71 96 330
71 98 616
72 2 318
72 3 498
72 5 246
72 7 686
72 8 848
72 9 808
72 11 708
72 14 30
72 15 74
72 18 317
72 19 132
72 22 241
72 23 69
72 25 999
72 26 252
72 27 796
72 29 701
72 30 20
72 31 316
72 33 902
72 34 868
72 36 604
72 37 475
72 38 512
72 41 698
72 42 461
72 43 620
72 44 717
72 46 282
72 48 67
72 49 652
72 50 191
72 51 269
72 52 434
72 53 645
72 54 562
72 55 735
72 56 674
72 65 923
72 66 638
72 67 512
72 68 717
72 69 564
72 70 244
72 71 875
72 73 556
72 74 235
72 76 410
72 77 834
72 79 96
72 82 927
72 84 448
72 85 286
72 87 207
72 88 518
72 89 33
72 90 11
72 93 214
72 94 570
72 96 436
72 97 916
72 99 258
73 1 11
73 3 238
73 5 931
73 6 482
73 7 904
73 8 922
73 9 333
73 10 856
73 11 83
73 12 292
73 13 19
73 15 553
73 17 257
73 18 489
73 20 808
73 23 519
73 25 15
73 26 448
73 28 310
73 29 194
73 30 749
73 31 566
73 33 863
73 34 961
73 36 659
73 38 505
73 40 903
73 43 817
73 44 550
73 45 624
73 48 850
73 55 746
73 56 538
73 58 391
73 60 694
73 62 565
73 63 512
73 65 234
73 66 917
73 68 514
73 70 600
73 72 556
73 74 716
73 76 343
73 78 312
73 82 880
73 83 892
73 84 682
73 86 102
73 87 329
73 88 338
73 89 765
73 94 69
73 95 121
73 97 452
73 98 951
73 99 3
74 2 626
74 4 847
74 5 691
74 6 118
74 7 459
74 8 206
74 13 436
74 16 391
74 19 986
74 20 190
74 21 53
74 22 926
74 23 178
74 25 82
74 26 298
74 27 409
74 28 907
74 29 419
74 30 262
74 31 208
74 35 343
74 37 292
74 39 228
74 40 147
74 41 856
74 45 32
74 47 392
74 48 874
74 53 355
74 55 940
74 56 61
74 57 200
74 60 361
74 62 199
74 63 31
74 67 4
74 68 430
74 69 86
74 70 371
74 71 843
74 72 235
74 73 716
74 75 198
74 76 732
74 77 803
74 80 476
74 83 946
74 85 309
74 86 478
74 87 624
74 89 499
74 90 668
74 91 670
74 92 818
74 93 150
74 97 420
74 98 731
74 99 164
75 2 447
75 3 444
75 4 140
75 5 607
75 6 883
75 7 853
75 8 816
75 9 834
75 10 465
75 11 767
75 12 374
75 13 856
75 15 334
75 20 974
75 21 548
75 23 214
75 24 483
75 25 178
75 26 466
75 28 645
75 29 899
75 32 231
75 33 97
75 34 921
75 35 591
75 36 275
75 37 828
75 40 281
75 43 583
75 44 593
75 45 74
75 48 651
75 49 841
75 51 80
75 52 63
75 54 284
75 56 648
75 59 389
75 61 63
75 62 279
75 64 862
75 65 831
75 67 406
75 68 899
75 69 226
75 74 198
75 76 439
75 77 404
75 79 110
75 81 372
75 82 392
75 88 425
75 89 1000
75 90 237
75 91 992
75 92 59
75 93 828
75 94 2
75 95 756
75 96 325
75 97 318
75 99 882
76 1 227
76 4 325
76 6 738
76 8 287
76 10 568
76 11 718
76 12 984
76 13 602
76 14 118
76 15 299
76 16 42
76 18 502
76 19 194
76 20 35
76 21 349
76 23 341
76 24 167
76 25 179
76 27 526
76 31 72
76 32 776
76 37 642
76 39 723
76 40 254
76 43 642
76 50 61
76 51 954
76 52 203
76 54 224
76 60 863
76 61 334
76 62 144
76 64 126
76 65 116
76 66 795
76 67 735
76 68 861
76 69 244
76 70 591
76 71 513
76 72 410
76 73 343
76 74 732
76 75 439
76 77 687
76 79 319
76 80 791
76 82 825
76 84 506
76 85 993
76 86 415
76 87 50
76 88 280
76 89 360
76 93 432
76 94 462
76 96 63
76 98 323
77 2 532
77 4 503
77 5 901
77 10 473
77 11 533
77 15 897
77 17 943
77 19 560
77 22 597
77 23 55
77 25 893
77 27 615
77 28 588
77 29 980
77 30 535
77 31 587
77 32 977
77 33 475
77 35 35
77 36 398
77 38 605
77 39 917
77 41 923
77 42 653
77 45 733
77 47 254
77 50 910
77 51 111
77 53 95
77 55 568
77 56 876
77 57 155
77 59 449
77 60 628
77 63 911
77 64 345
77 65 964
77 66 216
77 67 864
77 70 783
77 72 834
77 74 803
77 75 404
77 76 687
77 78 523
77 82 848
77 83 2
77 84 199
77 85 481
77 87 412
77 94 944
77 95 148
77 96 611
77 97 580
77 98 828
77 99 754
78 2 30
78 3 34
78 4 848
78 5 566
78 7 167
78 8 267
78 10 507
78 11 921
78 12 567
78 13 305
78 14 597
78 16 32
78 17 878
78 18 35
78 19 3
78 21 204
78 23 61
78 24 294
78 25 756
78 26 369
78 29 625
78 30 452
78 33 658
78 36 806
78 38 161
78 40 62
78 42 831
78 45 722
78 47 73
78 49 112
78 50 826
78 51 297
78 52 927
78 55 68
78 56 344
78 57 876
78 58 158
78 60 188
78 63 536
78 71 917
78 73 312
78 77 523
78 79 946
78 80 277
78 82 242
78 86 75
78 88 803
78 89 641
78 91 441
78 92 405
78 93 505
78 95 440
78 96 590
78 97 256
78 98 870
78 99 688
79 1 466
79 2 966
79 3 156
79 5 171
79 6 896
79 8 311
79 9 887
79 11 261
79 12 268
79 14 315
79 15 933
79 16 656
79 18 606
79 19 430
79 20 735
79 23 567
79 24 471
79 25 444
79 29 975
79 30 654
79 32 649
79 33 666
79 34 816
79 36 451
79 38 86
79 40 260
79 41 544
79 45 846
79 47 515
79 49 214
79 50 792
79 51 282
79 52 480
79 53 662
79 55 468
79 56 836
79 57 682
79 58 431
79 60 218
79 61 38
79 63 654
79 65 188
79 71 64
79 72 96
79 75 110
79 76 319
79 78 946
79 80 241
79 81 698
79 83 733
79 84 367
79 85 794
79 86 204
79 87 52
79 88 69
79 89 655
79 90 129
79 92 685
79 93 637
79 94 523
79 95 286
79 96 642
79 97 833
79 98 879
79 99 810
80 3 781
80 4 371
80 6 872
80 10 482
80 11 286
80 14 427
80 16 403
80 18 91
80 22 681
80 23 402
80 24 555
80 25 471
80 26 810
80 27 790
80 28 472
80 29 322
80 30 766
80 31 417
80 32 218
80 33 347
80 35 660
80 36 863
80 37 212
80 39 650
80 44 163
80 45 63
80 47 870
80 48 403
80 50 448
80 52 425
80 53 233
80 55 499
80 56 858
80 57 917
80 60 281
80 67 595
80 69 906
80 70 773
80 71 490
80 74 476
80 76 791
80 78 277
80 79 241
80 81 404
80 82 428
80 83 902
80 84 751
80 86 435
80 87 762
80 89 338
80 90 681
80 92 245
80 93 994
80 97 684
80 98 173
80 99 188
81 2 353
81 3 977
81 4 316
81 6 738
81 7 320
81 9 349
81 11 946
81 12 607
81 13 448
81 14 611
81 16 341
81 19 572
81 20 381
81 23 454
81 24 499
81 25 531
81 26 416
81 28 8
81 31 941
81 33 262
81 34 245
81 36 410
81 37 199
81 40 107
81 42 684
81 43 167
81 45 843
81 46 751
81 49 695
81 50 243
81 51 881
81 52 190
81 53 252
81 54 57
81 56 415
81 58 775
81 60 927
81 61 388
81 63 717
81 65 233
81 68 318
81 69 789
81 75 372
81 79 698
81 80 404
81 85 898
81 86 116
81 87 437
81 89 646
81 90 288
81 94 269
81 95 672
81 97 884
81 98 296
81 99 481
82 1 330
82 2 703
82 3 931
82 4 389
82 5 945
82 7 473
82 8 667
82 9 73
82 15 345
82 16 484
82 17 486
82 18 203
82 21 155
82 22 908
82 26 638
82 29 719
82 32 67
82 34 875
82 35 292
82 36 705
82 39 779
82 42 529
82 43 254
82 46 286
82 52 585
82 53 964
82 54 706
82 57 576
82 58 951
82 59 688
82 60 323
82 61 564
82 62 178
82 65 346
82 67 407
82 70 101
82 71 664
82 72 927
82 73 880
82 75 392
82 76 825
82 77 848
82 78 242
82 80 428
82 84 549
82 85 542
82 86 208
82 87 394
82 88 764
82 89 153
82 91 67
82 93 640
82 98 25
83 1 459
83 3 111
83 5 166
83 6 77
83 7 704
83 9 379
83 13 262
83 14 135
83 15 555
83 17 485
83 18 364
83 19 107
83 20 429
83 21 598
83 23 101
83 26 377
83 27 461
83 29 810
83 30 814
83 31 78
83 34 152
83 35 250
83 36 714
83 37 649
83 38 101
83 39 211
83 41 159
83 42 143
83 45 676
83 46 718
83 47 929
83 49 624
83 50 634
83 51 54
83 53 54
83 54 336
83 55 993
83 56 653
83 57 320
83 60 94
83 61 233
83 62 352
83 63 160
83 65 341
83 66 393
83 67 923
83 68 653
83 71 899
83 73 892
83 74 946
83 77 2
83 79 733
83 80 902
83 84 433
83 86 891
83 87 547
83 88 863
83 89 235
83 90 194
83 91 345
83 92 156
83 94 785
83 95 262
83 96 890
83 97 799
83 99 312
84 3 205
84 4 86
84 5 715
84 7 898
84 10 54
84 13 7
84 16 217
84 17 342
84 18 96
84 19 503
84 20 199
84 21 95
84 23 868
84 29 635
84 33 917
84 34 911
84 36 907
84 38 806
84 39 959
84 40 923
84 42 643
84 43 786
84 44 587
84 45 34
84 46 491
84 48 372
84 49 734
84 50 153
84 51 246
84 54 531
84 55 497
84 57 222
84 59 971
84 60 691
84 61 461
84 62 18
84 63 228
84 64 758
84 66 385
84 67 480
84 68 797
84 69 263
84 71 369
84 72 448
84 73 682
84 76 506
84 77 199
84 79 367
84 80 751
84 82 549
84 83 433
84 85 808
84 86 858
84 88 85
84 89 217
84 90 33
84 91 996
84 92 826
84 93 98
84 95 968
84 98 16
85 1 152
85 3 933
85 4 437
85 5 857
85 6 722
85 8 6
85 10 319
85 12 839
85 13 547
85 14 414
85 18 640
85 22 440
85 23 820
85 24 87
85 25 977
85 26 443
85 27 552
85 28 832
85 29 963
85 30 537
85 33 941
85 35 621
85 36 914
85 37 796
85 39 20
85 40 76
85 41 117
85 43 730
85 48 891
85 49 419
85 53 571
85 55 531
85 57 24
85 60 862
85 62 939
85 65 192
85 66 105
85 67 21
85 68 90
85 69 213
85 71 617
85 72 286
85 74 309
85 76 993
85 77 481
85 79 794
85 81 898
85 82 542
85 84 808
85 86 487
85 87 801
85 88 689
85 89 865
85 97 236
85 98 340
85 99 819
86 1 303
86 5 674
86 8 377
86 9 107
86 10 77
86 14 877
86 15 247
86 16 13
86 17 551
86 18 10
86 19 454
86 20 418
86 21 270
86 22 806
86 24 44
86 25 734
86 26 600
86 27 245
86 28 247
86 30 167
86 31 641
86 32 240
86 34 894
86 36 811
86 38 177
86 43 126
86 47 593
86 49 11
86 50 57
86 54 685
86 55 238
86 56 475
86 58 899
86 59 104
86 61 307
86 62 170
86 63 862
86 64 596
86 65 12
86 66 189
86 67 937
86 68 781
86 69 874
86 71 215
86 73 102
86 74 478
86 76 415
86 78 75
86 79 204
86 80 435
86 81 116
86 82 208
86 83 891
86 84 858
86 85 487
86 87 320
86 89 220
86 91 743
86 92 557
86 94 723
86 95 712
86 97 515
86 98 845
86 99 811
87 4 75
87 5 716
87 7 262
87 10 950
87 11 596
87 12 883
87 13 689
87 16 388
87 17 286
87 19 604
87 20 831
87 22 44
87 23 53
87 25 160
87 26 468
87 27 744
87 28 878
87 29 781
87 30 182
87 34 199
87 35 25
87 36 640
87 37 642
87 38 251
87 41 592
87 43 435
87 44 746
87 45 985
87 54 266
87 56 327
87 57 355
87 60 19
87 61 10
87 62 691
87 65 271
87 67 172
87 68 815
87 69 186
87 70 470
87 71 847
87 72 207
87 73 329
87 74 624
87 76 50
87 77 412
87 79 52
87 80 762
87 81 437
87 82 394
87 83 547
87 85 801
87 86 320
87 90 581
87 91 610
87 94 502
87 95 214
87 99 702
88 1 739
88 3 38
88 4 954
88 5 416
88 6 372
88 8 287
88 10 202
88 11 43
88 13 553
88 14 694
88 17 179
88 18 704
88 21 996
88 23 848
88 24 343
88 25 410
88 26 384
88 28 205
88 33 741
88 37 449
88 39 9
88 43 116
88 45 77
88 46 906
88 48 154
88 50 974
88 51 776
88 54 126
88 55 451
88 56 134
88 57 817
88 58 174
88 59 899
88 62 923
88 64 76
88 65 846
88 66 946
88 67 988
88 70 458
88 71 542
88 72 518
88 73 338
88 75 425
88 76 280
88 78 803
88 79 69
88 82 764
88 83 863
88 84 85
88 85 689
88 93 444
88 94 809
88 98 920
88 99 636
89 1 992
89 2 206
89 4 682
89 5 491
89 6 311
89 7 865
89 8 278
89 9 712
89 11 498
89 13 313
89 14 324
89 16 995
89 17 712
89 18 676
89 20 107
89 22 427
89 23 323
89 25 549
89 27 501
89 28 242
89 32 640
89 33 21
89 34 744
89 35 322
89 37 795
89 38 152
89 39 150
89 41 928
89 42 939
89 43 56
89 44 804
89 46 675
89 47 724
89 48 369
89 49 855
89 50 758
89 52 855
89 53 961
89 58 599
89 60 537
89 64 851
89 66 368
89 67 722
89 68 480
89 70 79
89 71 750
89 72 33
89 73 765
89 74 499
89 75 1000
89 76 360
89 78 641
89 79 655
89 80 338
89 81 646
89 82 153
89 83 235
89 84 217
89 85 865
89 86 220
89 90 537
89 92 86
89 94 594
89 95 899
89 97 713
89 98 49
89 99 978
90 1 853
90 2 439
90 3 812
90 5 476
90 7 953
90 9 720
90 10 198
90 11 882
90 12 337
90 13 20
90 18 942
90 21 403
90 25 312
90 27 20
90 28 327
90 30 171
90 31 639
90 35 278
90 36 622
90 39 8
90 40 639
90 42 893
90 43 596
90 44 81
90 45 220
90 46 505
90 47 604
90 48 25
90 49 26
90 50 105
90 52 814
90 54 345
90 55 646
90 56 966
90 57 440
90 59 593
90 63 843
90 64 36
90 68 974
90 70 989
90 71 905
90 72 11
90 74 668
90 75 237
90 79 129
90 80 681
90 81 288
90 83 194
90 84 33
90 87 581
90 89 537
90 91 400
90 94 196
90 98 503
90 99 41
91 1 723
91 2 268
91 3 169
91 5 153
91 6 726
91 11 95
91 12 718
91 13 28
91 15 281
91 16 953
91 18 423
91 20 341
91 21 716
91 22 320
91 30 32
91 31 921
91 32 581
91 35 293
91 38 886
91 39 213
91 40 349
91 41 965
91 42 329
91 43 786
91 44 199
91 47 604
91 49 614
91 50 224
91 55 427
91 56 60
91 57 559
91 58 35
91 59 262
91 61 89
91 62 679
91 63 227
91 64 920
91 66 985
91 67 376
91 68 479
91 71 495
91 74 670
91 75 992
91 78 441
91 82 67
91 83 345
91 84 996
91 86 743
91 87 610
91 90 400
91 92 109
91 94 148
91 96 780
91 97 945
91 98 263
91 99 599
92 1 936
92 7 902
92 9 355
92 10 260
92 13 796
92 14 161
92 17 482
92 19 786
92 20 733
92 21 905
92 23 74
92 25 851
92 26 52
92 27 857
92 28 655
92 29 770
92 31 512
92 32 569
92 35 746
92 36 355
92 40 731
92 43 207
92 44 300
92 45 733
92 47 960
92 48 115
92 50 997
92 51 703
92 53 624
92 54 854
92 55 369
92 56 623
92 58 449
92 59 225
92 62 669
92 63 101
92 64 795
92 70 567
92 74 818
92 75 59
92 78 405
92 79 685
92 80 245
92 83 156
92 84 826
92 86 557
92 89 86
92 91 109
92 93 670
92 94 554
92 97 750
92 98 852
92 99 22
93 2 549
93 4 730
93 5 335
93 8 74
93 9 761
93 10 452
93 14 47
93 15 651
93 16 812
93 18 587
93 19 797
93 20 863
93 22 785
93 24 11
93 27 713
93 28 509
93 30 626
93 31 219
93 33 115
93 34 217
93 35 345
93 37 174
93 38 292
93 39 573
93 40 686
93 42 506
93 46 975
93 47 931
93 49 333
93 51 647
93 53 767
93 54 551
93 57 535
93 58 197
93 59 234
93 60 339
93 64 826
93 65 750
93 66 866
93 67 388
93 68 67
93 70 968
93 71 752
93 72 214
93 74 150
93 75 828
93 76 432
93 78 505
93 79 637
93 80 994
93 82 640
93 84 98
93 88 444
93 92 670
93 94 867
93 98 978
94 2 135
94 3 370
94 4 545
94 5 497
94 7 415
94 8 802
94 10 233
94 11 799
94 14 124
94 17 788
94 18 22
94 19 882
94 20 458
94 21 14
94 22 208
94 25 925
94 26 212
94 27 988
94 29 942
94 31 896
94 35 28
94 36 974
94 37 805
94 38 631
94 39 130
94 40 358
94 41 666
94 42 522
94 43 52
94 45 977
94 46 576
94 47 150
94 48 371
94 49 804
94 50 473
94 53 208
94 54 915
94 55 551
94 57 547
94 59 698
94 60 27
94 62 198
94 64 920
94 67 87
94 70 506
94 72 570
94 73 69
94 75 2
94 76 462
94 77 944
94 79 523
94 81 269
94 83 785
94 86 723
94 87 502
94 88 809
94 89 594
94 90 196
94 91 148
94 92 554
94 93 867
94 95 254
94 97 655
94 98 732
94 99 259
95 1 324
95 3 957
95 4 58
95 5 471
95 6 625
95 8 929
95 9 857
95 11 256
95 12 427
95 13 581
95 15 978
95 16 906
95 19 802
95 21 637
95 22 874
95 23 676
95 24 116
95 26 394
95 27 138
95 29 341
95 30 177
95 31 739
95 32 784
95 34 597
95 35 543
95 36 677
95 37 282
95 38 811
95 39 851
95 40 623
95 41 409
95 42 32
95 43 403
95 45 462
95 46 967
95 47 71
95 49 925
95 51 979
95 52 939
95 56 594
95 59 790
95 60 371
95 61 523
95 63 64
95 65 542
95 66 843
95 67 145
95 70 598
95 73 121
95 75 756
95 77 148
95 78 440
95 79 286
95 81 672
95 83 262
95 84 968
95 86 712
95 87 214
95 89 899
95 94 254
95 97 323
95 99 209
96 3 578
96 5 945
96 6 837
96 7 177
96 8 782
96 9 751
96 11 171
96 16 424
96 17 363
96 18 233
96 19 472
96 20 838
96 22 918
96 24 65
96 26 700
96 27 420
96 28 713
96 32 394
96 33 616
96 36 253
96 37 205
96 40 652
96 41 526
96 43 449
96 44 602
96 46 960
96 48 286
96 49 435
96 50 824
96 51 883
96 52 131
96 55 795
96 57 617
96 59 693
96 60 712
96 63 601
96 64 610
96 65 649
96 69 173
96 70 951
96 71 330
96 72 436
96 75 325
96 76 63
96 77 611
96 78 590
96 79 642
96 83 890
96 91 780
96 97 160
96 98 421
96 99 238
97 1 353
97 2 368
97 3 460
97 5 628
97 6 596
97 7 257
97 9 109
97 10 658
97 11 938
97 12 898
97 15 829
97 17 305
97 18 79
97 20 425
97 22 872
97 23 722
97 24 257
97 25 427
97 27 155
97 30 332
97 31 692
97 32 597
97 33 349
97 34 331
97 36 156
97 37 65
97 39 409
97 44 646
97 46 886
97 49 497
97 50 23
97 52 68
97 54 344
97 55 471
97 59 422
97 61 866
97 62 191
97 63 511
97 64 660
97 66 174
97 67 509
97 69 19
97 70 521
97 72 916
97 73 452
97 74 420
97 75 318
97 77 580
97 78 256
97 79 833
97 80 684
97 81 884
97 83 799
97 85 236
97 86 515
97 89 713
97 91 945
97 92 750
97 94 655
97 95 323
97 96 160
97 98 879
98 3 250
98 5 905
98 6 24
98 9 236
98 11 229
98 12 531
98 13 537
98 14 251
98 15 681
98 16 688
98 19 973
98 20 986
98 21 802
98 22 584
98 24 571
98 25 38
98 26 629
98 27 898
98 30 871
98 31 723
98 32 416
98 34 43
98 35 911
98 37 456
98 38 964
98 39 601
98 40 464
98 41 552
98 42 198
98 43 750
98 44 643
98 45 908
98 46 850
98 51 759
98 52 960
98 54 294
98 56 298
98 57 77
98 59 658
98 60 911
98 61 277
98 62 794
98 65 667
98 67 611
98 68 251
98 70 950
98 71 616
98 73 951
98 74 731
98 76 323
98 77 828
98 78 870
98 79 879
98 80 173
98 81 296
98 82 25
98 84 16
98 85 340
98 86 845
98 88 920
98 89 49
98 90 503
98 91 263
98 92 852
98 93 978
98 94 732
98 96 421
98 97 879
98 99 541
1 t 319
4 t 265
7 t 454
8 t 410
9 t 140
10 t 491
11 t 235
12 t 628
13 t 808
14 t 307
15 t 101
16 t 734
17 t 381
18 t 246
20 t 406
24 t 199
28 t 371
29 t 937
30 t 776
32 t 357
33 t 931
37 t 644
39 t 539
40 t 361
41 t 871
42 t 312
43 t 905
45 t 484
48 t 852
49 t 348
51 t 331
53 t 659
55 t 68
56 t 210
57 t 74
60 t 980
62 t 591
63 t 924
64 t 777
65 t 799
67 t 497
72 t 258
73 t 3
74 t 164
75 t 882
77 t 754
78 t 688
79 t 810
80 t 188
81 t 481
83 t 312
85 t 819
86 t 811
87 t 702
88 t 636
89 t 978
90 t 41
91 t 599
92 t 22
94 t 259
95 t 209
96 t 238
98 t 541
