s (1,1) 10
s (2,1) 10
s (3,1) 10
s (4,1) 10
s (5,1) 10
s (6,1) 10
s (7,1) 10
s (8,1) 10
s (9,1) 10
s (10,1) 10
s (11,1) 10
s (12,1) 10
s (13,1) 10
s (14,1) 10
s (15,1) 10
s (16,1) 10
s (17,1) 10
s (18,1) 10
s (19,1) 10
s (20,1) 10
s (21,1) 10
s (22,1) 10
s (23,1) 10
s (24,1) 10
s (25,1) 10
s (26,1) 10
s (27,1) 10
s (28,1) 10
s (29,1) 10
s (30,1) 10
s (31,1) 10
s (32,1) 10
s (33,1) 10
s (34,1) 10
s (35,1) 10
s (36,1) 10
s (37,1) 10
s (38,1) 10
s (39,1) 10
s (40,1) 10
(1,1) (1,2) 10
(2,1) (2,2) 10
(3,1) (3,2) 10
(4,1) (4,2) 10
(5,1) (5,2) 10
(6,1) (6,2) 10
(7,1) (7,2) 10
(8,1) (8,2) 10
(9,1) (9,2) 10
(10,1) (10,2) 10
(11,1) (11,2) 10
(12,1) (12,2) 10
(13,1) (13,2) 10
(14,1) (14,2) 10
(15,1) (15,2) 10
(16,1) (16,2) 10
(17,1) (17,2) 10
(18,1) (18,2) 10
(19,1) (19,2) 10
(20,1) (20,2) 10
(21,1) (21,2) 10
(22,1) (22,2) 10
(23,1) (23,2) 10
(24,1) (24,2) 10
(25,1) (25,2) 10
(26,1) (26,2) 10
(27,1) (27,2) 10
(28,1) (28,2) 10
(29,1) (29,2) 10
(30,1) (30,2) 10
(31,1) (31,2) 10
(32,1) (32,2) 10
(33,1) (33,2) 10
(34,1) (34,2) 10
(35,1) (35,2) 10
(36,1) (36,2) 10
(37,1) (37,2) 10
(38,1) (38,2) 10
(39,1) (39,2) 10
(40,1) (40,2) 10
(1,2) (1,3) 10
(2,2) (2,3) 10
(3,2) (3,3) 10
(4,2) (4,3) 10
(5,2) (5,3) 10
(6,2) (6,3) 10
(7,2) (7,3) 10
(8,2) (8,3) 10
(9,2) (9,3) 10
(10,2) (10,3) 10
(11,2) (11,3) 10
(12,2) (12,3) 10
(13,2) (13,3) 10
(14,2) (14,3) 10
(15,2) (15,3) 10
(16,2) (16,3) 10
(17,2) (17,3) 10
(18,2) (18,3) 10
(19,2) (19,3) 10
(20,2) (20,3) 10
(21,2) (21,3) 10
(22,2) (22,3) 10
(23,2) (23,3) 10
(24,2) (24,3) 10
(25,2) (25,3) 10
(26,2) (26,3) 10
(27,2) (27,3) 10
(28,2) (28,3) 10
(29,2) (29,3) 10
(30,2) (30,3) 10
(31,2) (31,3) 10
(32,2) (32,3) 10
(33,2) (33,3) 10
(34,2) (34,3) 10
(35,2) (35,3) 10
(36,2) (36,3) 10
(37,2) (37,3) 10
(38,2) (38,3) 10
(39,2) (39,3) 10
(40,2) (40,3) 10
(1,3) (1,4) 10
(2,3) (2,4) 10
(3,3) (3,4) 10
(4,3) (4,4) 10
(5,3) (5,4) 10
(6,3) (6,4) 10
(7,3) (7,4) 10
(8,3) (8,4) 10
(9,3) (9,4) 10
(10,3) (10,4) 10
(11,3) (11,4) 10
(12,3) (12,4) 10
(13,3) (13,4) 10
(14,3) (14,4) 10
(15,3) (15,4) 10
(16,3) (16,4) 10
(17,3) (17,4) 10
(18,3) (18,4) 10
(19,3) (19,4) 10
(20,3) (20,4) 10
(21,3) (21,4) 10
(22,3) (22,4) 10
(23,3) (23,4) 10
(24,3) (24,4) 10
(25,3) (25,4) 10
(26,3) (26,4) 10
(27,3) (27,4) 10
(28,3) (28,4) 10
(29,3) (29,4) 10
(30,3) (30,4) 10
(31,3) (31,4) 10
(32,3) (32,4) 10
(33,3) (33,4) 10
(34,3) (34,4) 10
(35,3) (35,4) 10
(36,3) (36,4) 10
(37,3) (37,4) 10
(38,3) (38,4) 10
(39,3) (39,4) 10
(40,3) (40,4) 10
(1,4) (1,5) 10
(2,4) (2,5) 10
(3,4) (3,5) 10
(4,4) (4,5) 10
(5,4) (5,5) 10
(6,4) (6,5) 10
(7,4) (7,5) 10
(8,4) (8,5) 10
(9,4) (9,5) 10
(10,4) (10,5) 10
(11,4) (11,5) 10
(12,4) (12,5) 10
(13,4) (13,5) 10
(14,4) (14,5) 10
(15,4) (15,5) 10
(16,4) (16,5) 10
(17,4) (17,5) 10
(18,4) (18,5) 10
(19,4) (19,5) 10
(20,4) (20,5) 10
(21,4) (21,5) 10
(22,4) (22,5) 10
(23,4) (23,5) 10
(24,4) (24,5) 10
(25,4) (25,5) 10
(26,4) (26,5) 10
(27,4) (27,5) 10
(28,4) (28,5) 10
(29,4) (29,5) 10
(30,4) (30,5) 10
(31,4) (31,5) 10
(32,4) (32,5) 10
(33,4) (33,5) 10
(34,4) (34,5) 10
(35,4) (35,5) 10
(36,4) (36,5) 10
(37,4) (37,5) 10
(38,4) (38,5) 10
(39,4) (39,5) 10
(40,4) (40,5) 10
(1,5) (1,6) 10
(2,5) (2,6) 10
(3,5) (3,6) 10
(4,5) (4,6) 10
(5,5) (5,6) 10
(6,5) (6,6) 10
(7,5) (7,6) 10
(8,5) (8,6) 10
(9,5) (9,6) 10
(10,5) (10,6) 10
(11,5) (11,6) 10
(12,5) (12,6) 10
(13,5) (13,6) 10
(14,5) (14,6) 10
(15,5) (15,6) 10
(16,5) (16,6) 10
(17,5) (17,6) 10
(18,5) (18,6) 10
(19,5) (19,6) 10
(20,5) (20,6) 10
(21,5) (21,6) 10
(22,5) (22,6) 10
(23,5) (23,6) 10
(24,5) (24,6) 10
(25,5) (25,6) 10
(26,5) (26,6) 10
(27,5) (27,6) 10
(28,5) (28,6) 10
(29,5) (29,6) 10
(30,5) (30,6) 10
(31,5) (31,6) 10
(32,5) (32,6) 10
(33,5) (33,6) 10
(34,5) (34,6) 10
(35,5) (35,6) 10
(36,5) (36,6) 10
(37,5) (37,6) 10
(38,5) (38,6) 10
(39,5) (39,6) 10
(40,5) (40,6) 10
(1,6) (1,7) 10
(2,6) (2,7) 10
(3,6) (3,7) 10
(4,6) (4,7) 10
(5,6) (5,7) 10
(6,6) (6,7) 10
(7,6) (7,7) 10
(8,6) (8,7) 10
(9,6) (9,7) 10
(10,6) (10,7) 10
(11,6) (11,7) 10
(12,6) (12,7) 10
(13,6) (13,7) 10
(14,6) (14,7) 10
(15,6) (15,7) 10
(16,6) (16,7) 10
(17,6) (17,7) 10
(18,6) (18,7) 10
(19,6) (19,7) 10
(20,6) (20,7) 10
(21,6) (21,7) 10
(22,6) (22,7) 10
(23,6) (23,7) 10
(24,6) (24,7) 10
(25,6) (25,7) 10
(26,6) (26,7) 10
(27,6) (27,7) 10
(28,6) (28,7) 10
(29,6) (29,7) 10
(30,6) (30,7) 10
(31,6) (31,7) 10
(32,6) (32,7) 10
(33,6) (33,7) 10
(34,6) (34,7) 10
(35,6) (35,7) 10
(36,6) (36,7) 10
(37,6) (37,7) 10
(38,6) (38,7) 10
(39,6) (39,7) 10
(40,6) (40,7) 10
(1,7) (1,8) 10
(2,7) (2,8) 10
(3,7) (3,8) 10
(4,7) (4,8) 10
(5,7) (5,8) 10
(6,7) (6,8) 10
(7,7) (7,8) 10
(8,7) (8,8) 10
(9,7) (9,8) 10
(10,7) (10,8) 10
(11,7) (11,8) 10
(12,7) (12,8) 10
(13,7) (13,8) 10
(14,7) (14,8) 10
(15,7) (15,8) 10
(16,7) (16,8) 10
(17,7) (17,8) 10
(18,7) (18,8) 10
(19,7) (19,8) 10
(20,7) (20,8) 10
(21,7) (21,8) 10
(22,7) (22,8) 10
(23,7) (23,8) 10
(24,7) (24,8) 10
(25,7) (25,8) 10
(26,7) (26,8) 10
(27,7) (27,8) 10
(28,7) (28,8) 10
(29,7) (29,8) 10
(30,7) (30,8) 10
(31,7) (31,8) 10
(32,7) (32,8) 10
(33,7) (33,8) 10
(34,7) (34,8) 10
(35,7) (35,8) 10
(36,7) (36,8) 10
(37,7) (37,8) 10
(38,7) (38,8) 10
(39,7) (39,8) 10
(40,7) (40,8) 10
(1,8) (1,9) 10
(2,8) (2,9) 10
(3,8) (3,9) 10
(4,8) (4,9) 10
(5,8) (5,9) 10
(6,8) (6,9) 10
(7,8) (7,9) 10
(8,8) (8,9) 10
(9,8) (9,9) 10
(10,8) (10,9) 10
(11,8) (11,9) 10
(12,8) (12,9) 10
(13,8) (13,9) 10
(14,8) (14,9) 10
(15,8) (15,9) 10
(16,8) (16,9) 10
(17,8) (17,9) 10
(18,8) (18,9) 10
(19,8) (19,9) 10
(20,8) (20,9) 10
(21,8) (21,9) 10
(22,8) (22,9) 10
(23,8) (23,9) 10
(24,8) (24,9) 10
(25,8) (25,9) 10
(26,8) (26,9) 10
(27,8) (27,9) 10
(28,8) (28,9) 10
(29,8) (29,9) 10
(30,8) (30,9) 10
(31,8) (31,9) 10
(32,8) (32,9) 10
(33,8) (33,9) 10
(34,8) (34,9) 10
(35,8) (35,9) 10
(36,8) (36,9) 10
(37,8) (37,9) 10
(38,8) (38,9) 10
(39,8) (39,9) 10
(40,8) (40,9) 10
(1,9) (1,10) 10
(2,9) (2,10) 10
(3,9) (3,10) 10
(4,9) (4,10) 10
(5,9) (5,10) 10
(6,9) (6,10) 10
(7,9) (7,10) 10
(8,9) (8,10) 10
(9,9) (9,10) 10
(10,9) (10,10) 10
(11,9) (11,10) 10
(12,9) (12,10) 10
(13,9) (13,10) 10
(14,9) (14,10) 10
(15,9) (15,10) 10
(16,9) (16,10) 10
(17,9) (17,10) 10
(18,9) (18,10) 10
(19,9) (19,10) 10
(20,9) (20,10) 10
(21,9) (21,10) 10
(22,9) (22,10) 10
(23,9) (23,10) 10
(24,9) (24,10) 10
(25,9) (25,10) 10
(26,9) (26,10) 10
(27,9) (27,10) 10
(28,9) (28,10) 10
(29,9) (29,10) 10
(30,9) (30,10) 10
(31,9) (31,10) 10
(32,9) (32,10) 10
(33,9) (33,10) 10
(34,9) (34,10) 10
(35,9) (35,10) 10
(36,9) (36,10) 10
(37,9) (37,10) 10
(38,9) (38,10) 10
(39,9) (39,10) 10
(40,9) (40,10) 10
(1,10) (1,11) 10
(2,10) (2,11) 10
(3,10) (3,11) 10
(4,10) (4,11) 10
(5,10) (5,11) 10
(6,10) (6,11) 10
(7,10) (7,11) 10
(8,10) (8,11) 10
(9,10) (9,11) 10
(10,10) (10,11) 10
(11,10) (11,11) 10
(12,10) (12,11) 10
(13,10) (13,11) 10
(14,10) (14,11) 10
(15,10) (15,11) 10
(16,10) (16,11) 10
(17,10) (17,11) 10
(18,10) (18,11) 10
(19,10) (19,11) 10
(20,10) (20,11) 10
(21,10) (21,11) 10
(22,10) (22,11) 10
(23,10) (23,11) 10
(24,10) (24,11) 10
(25,10) (25,11) 10
(26,10) (26,11) 10
(27,10) (27,11) 10
(28,10) (28,11) 10
(29,10) (29,11) 10
(30,10) (30,11) 10
(31,10) (31,11) 10
(32,10) (32,11) 10
(33,10) (33,11) 10
(34,10) (34,11) 10
(35,10) (35,11) 10
(36,10) (36,11) 10
(37,10) (37,11) 10
(38,10) (38,11) 10
(39,10) (39,11) 10
(40,10) (40,11) 10
(1,11) (1,12) 10
(2,11) (2,12) 10
(3,11) (3,12) 10
(4,11) (4,12) 10
(5,11) (5,12) 10
(6,11) (6,12) 10
(7,11) (7,12) 10
(8,11) (8,12) 10
(9,11) (9,12) 10
(10,11) (10,12) 10
(11,11) (11,12) 10
(12,11) (12,12) 10
(13,11) (13,12) 10
(14,11) (14,12) 10
(15,11) (15,12) 10
(16,11) (16,12) 10
(17,11) (17,12) 10
(18,11) (18,12) 10
(19,11) (19,12) 10
(20,11) (20,12) 10
(21,11) (21,12) 10
(22,11) (22,12) 10
(23,11) (23,12) 10
(24,11) (24,12) 10
(25,11) (25,12) 10
(26,11) (26,12) 10
(27,11) (27,12) 10
(28,11) (28,12) 10
(29,11) (29,12) 10
(30,11) (30,12) 10
(31,11) (31,12) 10
(32,11) (32,12) 10
(33,11) (33,12) 10
(34,11) (34,12) 10
(35,11) (35,12) 10
(36,11) (36,12) 10
(37,11) (37,12) 10
(38,11) (38,12) 10
(39,11) (39,12) 10
(40,11) (40,12) 10
(1,12) (1,13) 10
(2,12) (2,13) 10
(3,12) (3,13) 10
(4,12) (4,13) 10
(5,12) (5,13) 10
(6,12) (6,13) 10
(7,12) (7,13) 10
(8,12) (8,13) 10
(9,12) (9,13) 10
(10,12) (10,13) 10
(11,12) (11,13) 10
(12,12) (12,13) 10
(13,12) (13,13) 10
(14,12) (14,13) 10
(15,12) (15,13) 10
(16,12) (16,13) 10
(17,12) (17,13) 10
(18,12) (18,13) 10
(19,12) (19,13) 10
(20,12) (20,13) 10
(21,12) (21,13) 10
(22,12) (22,13) 10
(23,12) (23,13) 10
(24,12) (24,13) 10
(25,12) (25,13) 10
(26,12) (26,13) 10
(27,12) (27,13) 10
(28,12) (28,13) 10
(29,12) (29,13) 10
(30,12) (30,13) 10
(31,12) (31,13) 10
(32,12) (32,13) 10
(33,12) (33,13) 10
(34,12) (34,13) 10
(35,12) (35,13) 10
(36,12) (36,13) 10
(37,12) (37,13) 10
(38,12) (38,13) 10
(39,12) (39,13) 10
(40,12) (40,13) 10
(1,13) (1,14) 10
(2,13) (2,14) 10
(3,13) (3,14) 10
(4,13) (4,14) 10
(5,13) (5,14) 10
(6,13) (6,14) 10
(7,13) (7,14) 10
(8,13) (8,14) 10
(9,13) (9,14) 10
(10,13) (10,14) 10
(11,13) (11,14) 10
(12,13) (12,14) 10
(13,13) (13,14) 10
(14,13) (14,14) 10
(15,13) (15,14) 10
(16,13) (16,14) 10
(17,13) (17,14) 10
(18,13) (18,14) 10
(19,13) (19,14) 10
(20,13) (20,14) 10
(21,13) (21,14) 10
(22,13) (22,14) 10
(23,13) (23,14) 10
(24,13) (24,14) 10
(25,13) (25,14) 10
(26,13) (26,14) 10
(27,13) (27,14) 10
(28,13) (28,14) 10
(29,13) (29,14) 10
(30,13) (30,14) 10
(31,13) (31,14) 10
(32,13) (32,14) 10
(33,13) (33,14) 10
(34,13) (34,14) 10
(35,13) (35,14) 10
(36,13) (36,14) 10
(37,13) (37,14) 10
(38,13) (38,14) 10
(39,13) (39,14) 10
(40,13) (40,14) 10
(1,14) (1,15) 10
(2,14) (2,15) 10
(3,14) (3,15) 10
(4,14) (4,15) 10
(5,14) (5,15) 10
(6,14) (6,15) 10
(7,14) (7,15) 10
(8,14) (8,15) 10
(9,14) (9,15) 10
(10,14) (10,15) 10
(11,14) (11,15) 10
(12,14) (12,15) 10
(13,14) (13,15) 10
(14,14) (14,15) 10
(15,14) (15,15) 10
(16,14) (16,15) 10
(17,14) (17,15) 10
(18,14) (18,15) 10
(19,14) (19,15) 10
(20,14) (20,15) 10
(21,14) (21,15) 10
(22,14) (22,15) 10
(23,14) (23,15) 10
(24,14) (24,15) 10
(25,14) (25,15) 10
(26,14) (26,15) 10
(27,14) (27,15) 10
(28,14) (28,15) 10
(29,14) (29,15) 10
(30,14) (30,15) 10
(31,14) (31,15) 10
(32,14) (32,15) 10
(33,14) (33,15) 10
(34,14) (34,15) 10
(35,14) (35,15) 10
(36,14) (36,15) 10
(37,14) (37,15) 10
(38,14) (38,15) 10
(39,14) (39,15) 10
(40,14) (40,15) 10
(1,15) (1,16) 10
(2,15) (2,16) 10
(3,15) (3,16) 10
(4,15) (4,16) 10
(5,15) (5,16) 10
(6,15) (6,16) 10
(7,15) (7,16) 10
(8,15) (8,16) 10
(9,15) (9,16) 10
(10,15) (10,16) 10
(11,15) (11,16) 10
(12,15) (12,16) 10
(13,15) (13,16) 10
(14,15) (14,16) 10
(15,15) (15,16) 10
(16,15) (16,16) 10
(17,15) (17,16) 10
(18,15) (18,16) 10
(19,15) (19,16) 10
(20,15) (20,16) 10
(21,15) (21,16) 10
(22,15) (22,16) 10
(23,15) (23,16) 10
(24,15) (24,16) 10
(25,15) (25,16) 10
(26,15) (26,16) 10
(27,15) (27,16) 10
(28,15) (28,16) 10
(29,15) (29,16) 10
(30,15) (30,16) 10
(31,15) (31,16) 10
(32,15) (32,16) 10
(33,15) (33,16) 10
(34,15) (34,16) 10
(35,15) (35,16) 10
(36,15) (36,16) 10
(37,15) (37,16) 10
(38,15) (38,16) 10
(39,15) (39,16) 10
(40,15) (40,16) 10
(1,16) (1,17) 10
(2,16) (2,17) 10
(3,16) (3,17) 10
(4,16) (4,17) 10
(5,16) (5,17) 10
(6,16) (6,17) 10
(7,16) (7,17) 10
(8,16) (8,17) 10
(9,16) (9,17) 10
(10,16) (10,17) 10
(11,16) (11,17) 10
(12,16) (12,17) 10
(13,16) (13,17) 10
(14,16) (14,17) 10
(15,16) (15,17) 10
(16,16) (16,17) 10
(17,16) (17,17) 10
(18,16) (18,17) 10
(19,16) (19,17) 10
(20,16) (20,17) 10
(21,16) (21,17) 10
(22,16) (22,17) 10
(23,16) (23,17) 10
(24,16) (24,17) 10
(25,16) (25,17) 10
(26,16) (26,17) 10
(27,16) (27,17) 10
(28,16) (28,17) 10
(29,16) (29,17) 10
(30,16) (30,17) 10
(31,16) (31,17) 10
(32,16) (32,17) 10
(33,16) (33,17) 10
(34,16) (34,17) 10
(35,16) (35,17) 10
(36,16) (36,17) 10
(37,16) (37,17) 10
(38,16) (38,17) 10
(39,16) (39,17) 10
(40,16) (40,17) 10
(1,17) (1,18) 10
(2,17) (2,18) 10
(3,17) (3,18) 10
(4,17) (4,18) 10
(5,17) (5,18) 10
(6,17) (6,18) 10
(7,17) (7,18) 10
(8,17) (8,18) 10
(9,17) (9,18) 10
(10,17) (10,18) 10
(11,17) (11,18) 10
(12,17) (12,18) 10
(13,17) (13,18) 10
(14,17) (14,18) 10
(15,17) (15,18) 10
(16,17) (16,18) 10
(17,17) (17,18) 10
(18,17) (18,18) 10
(19,17) (19,18) 10
(20,17) (20,18) 10
(21,17) (21,18) 10
(22,17) (22,18) 10
(23,17) (23,18) 10
(24,17) (24,18) 10
(25,17) (25,18) 10
(26,17) (26,18) 10
(27,17) (27,18) 10
(28,17) (28,18) 10
(29,17) (29,18) 10
(30,17) (30,18) 10
(31,17) (31,18) 10
(32,17) (32,18) 10
(33,17) (33,18) 10
(34,17) (34,18) 10
(35,17) (35,18) 10
(36,17) (36,18) 10
(37,17) (37,18) 10
(38,17) (38,18) 10
(39,17) (39,18) 10
(40,17) (40,18) 10
(1,18) (1,19) 10
(2,18) (2,19) 10
(3,18) (3,19) 10
(4,18) (4,19) 10
(5,18) (5,19) 10
(6,18) (6,19) 10
(7,18) (7,19) 10
(8,18) (8,19) 10
(9,18) (9,19) 10
(10,18) (10,19) 10
(11,18) (11,19) 10
(12,18) (12,19) 10
(13,18) (13,19) 10
(14,18) (14,19) 10
(15,18) (15,19) 10
(16,18) (16,19) 10
(17,18) (17,19) 10
(18,18) (18,19) 10
(19,18) (19,19) 10
(20,18) (20,19) 10
(21,18) (21,19) 10
(22,18) (22,19) 10
(23,18) (23,19) 10
(24,18) (24,19) 10
(25,18) (25,19) 10
(26,18) (26,19) 10
(27,18) (27,19) 10
(28,18) (28,19) 10
(29,18) (29,19) 10
(30,18) (30,19) 10
(31,18) (31,19) 10
(32,18) (32,19) 10
(33,18) (33,19) 10
(34,18) (34,19) 10
(35,18) (35,19) 10
(36,18) (36,19) 10
(37,18) (37,19) 10
(38,18) (38,19) 10
(39,18) (39,19) 10
(40,18) (40,19) 10
(1,19) (1,20) 10
(2,19) (2,20) 10
(3,19) (3,20) 10
(4,19) (4,20) 10
(5,19) (5,20) 10
(6,19) (6,20) 10
(7,19) (7,20) 10
(8,19) (8,20) 10
(9,19) (9,20) 10
(10,19) (10,20) 10
(11,19) (11,20) 10
(12,19) (12,20) 10
(13,19) (13,20) 10
(14,19) (14,20) 10
(15,19) (15,20) 10
(16,19) (16,20) 10
(17,19) (17,20) 10
(18,19) (18,20) 10
(19,19) (19,20) 10
(20,19) (20,20) 10
(21,19) (21,20) 10
(22,19) (22,20) 10
(23,19) (23,20) 10
(24,19) (24,20) 10
(25,19) (25,20) 10
(26,19) (26,20) 10
(27,19) (27,20) 10
(28,19) (28,20) 10
(29,19) (29,20) 10
(30,19) (30,20) 10
(31,19) (31,20) 10
(32,19) (32,20) 10
(33,19) (33,20) 10
(34,19) (34,20) 10
(35,19) (35,20) 10
(36,19) (36,20) 10
(37,19) (37,20) 10
(38,19) (38,20) 10
(39,19) (39,20) 10
(40,19) (40,20) 10
(1,20) (1,21) 10
(2,20) (2,21) 10
(3,20) (3,21) 10
(4,20) (4,21) 10
(5,20) (5,21) 10
(6,20) (6,21) 10
(7,20) (7,21) 10
(8,20) (8,21) 10
(9,20) (9,21) 10
(10,20) (10,21) 10
(11,20) (11,21) 10
(12,20) (12,21) 10
(13,20) (13,21) 10
(14,20) (14,21) 10
(15,20) (15,21) 10
(16,20) (16,21) 10
(17,20) (17,21) 10
(18,20) (18,21) 10
(19,20) (19,21) 10
(20,20) (20,21) 10
(21,20) (21,21) 10
(22,20) (22,21) 10
(23,20) (23,21) 10
(24,20) (24,21) 10
(25,20) (25,21) 10
(26,20) (26,21) 10
(27,20) (27,21) 10
(28,20) (28,21) 10
(29,20) (29,21) 10
(30,20) (30,21) 10
(31,20) (31,21) 10
(32,20) (32,21) 10
(33,20) (33,21) 10
(34,20) (34,21) 10
(35,20) (35,21) 10
(36,20) (36,21) 10
(37,20) (37,21) 10
(38,20) (38,21) 10
(39,20) (39,21) 10
(40,20) (40,21) 10
(1,21) (1,22) 10
(2,21) (2,22) 10
(3,21) (3,22) 10
(4,21) (4,22) 10
(5,21) (5,22) 10
(6,21) (6,22) 10
(7,21) (7,22) 10
(8,21) (8,22) 10
(9,21) (9,22) 10
(10,21) (10,22) 10
(11,21) (11,22) 10
(12,21) (12,22) 10
(13,21) (13,22) 10
(14,21) (14,22) 10
(15,21) (15,22) 10
(16,21) (16,22) 10
(17,21) (17,22) 10
(18,21) (18,22) 10
(19,21) (19,22) 10
(20,21) (20,22) 10
(21,21) (21,22) 10
(22,21) (22,22) 10
(23,21) (23,22) 10
(24,21) (24,22) 10
(25,21) (25,22) 10
(26,21) (26,22) 10
(27,21) (27,22) 10
(28,21) (28,22) 10
(29,21) (29,22) 10
(30,21) (30,22) 10
(31,21) (31,22) 10
(32,21) (32,22) 10
(33,21) (33,22) 10
(34,21) (34,22) 10
(35,21) (35,22) 10
(36,21) (36,22) 10
(37,21) (37,22) 10
(38,21) (38,22) 10
(39,21) (39,22) 10
(40,21) (40,22) 10
(1,22) (1,23) 10
(2,22) (2,23) 10
(3,22) (3,23) 10
(4,22) (4,23) 10
(5,22) (5,23) 10
(6,22) (6,23) 10
(7,22) (7,23) 10
(8,22) (8,23) 10
(9,22) (9,23) 10
(10,22) (10,23) 10
(11,22) (11,23) 10
(12,22) (12,23) 10
(13,22) (13,23) 10
(14,22) (14,23) 10
(15,22) (15,23) 10
(16,22) (16,23) 10
(17,22) (17,23) 10
(18,22) (18,23) 10
(19,22) (19,23) 10
(20,22) (20,23) 10
(21,22) (21,23) 10
(22,22) (22,23) 10
(23,22) (23,23) 10
(24,22) (24,23) 10
(25,22) (25,23) 10
(26,22) (26,23) 10
(27,22) (27,23) 10
(28,22) (28,23) 10
(29,22) (29,23) 10
(30,22) (30,23) 10
(31,22) (31,23) 10
(32,22) (32,23) 10
(33,22) (33,23) 10
(34,22) (34,23) 10
(35,22) (35,23) 10
(36,22) (36,23) 10
(37,22) (37,23) 10
(38,22) (38,23) 10
(39,22) (39,23) 10
(40,22) (40,23) 10
(1,23) (1,24) 10
(2,23) (2,24) 10
(3,23) (3,24) 10
(4,23) (4,24) 10
(5,23) (5,24) 10
(6,23) (6,24) 10
(7,23) (7,24) 10
(8,23) (8,24) 10
(9,23) (9,24) 10
(10,23) (10,24) 10
(11,23) (11,24) 10
(12,23) (12,24) 10
(13,23) (13,24) 10
(14,23) (14,24) 10
(15,23) (15,24) 10
(16,23) (16,24) 10
(17,23) (17,24) 10
(18,23) (18,24) 10
(19,23) (19,24) 10
(20,23) (20,24) 10
(21,23) (21,24) 10
(22,23) (22,24) 10
(23,23) (23,24) 10
(24,23) (24,24) 10
(25,23) (25,24) 10
(26,23) (26,24) 10
(27,23) (27,24) 10
(28,23) (28,24) 10
(29,23) (29,24) 10
(30,23) (30,24) 10
(31,23) (31,24) 10
(32,23) (32,24) 10
(33,23) (33,24) 10
(34,23) (34,24) 10
(35,23) (35,24) 10
(36,23) (36,24) 10
(37,23) (37,24) 10
(38,23) (38,24) 10
(39,23) (39,24) 10
(40,23) (40,24) 10
(1,24) (1,25) 10
(2,24) (2,25) 10
(3,24) (3,25) 10
(4,24) (4,25) 10
(5,24) (5,25) 10
(6,24) (6,25) 10
(7,24) (7,25) 10
(8,24) (8,25) 10
(9,24) (9,25) 10
(10,24) (10,25) 10
(11,24) (11,25) 10
(12,24) (12,25) 10
(13,24) (13,25) 10
(14,24) (14,25) 10
(15,24) (15,25) 10
(16,24) (16,25) 10
(17,24) (17,25) 10
(18,24) (18,25) 10
(19,24) (19,25) 10
(20,24) (20,25) 10
(21,24) (21,25) 10
(22,24) (22,25) 10
(23,24) (23,25) 10
(24,24) (24,25) 10
(25,24) (25,25) 10
(26,24) (26,25) 10
(27,24) (27,25) 10
(28,24) (28,25) 10
(29,24) (29,25) 10
(30,24) (30,25) 10
(31,24) (31,25) 10
(32,24) (32,25) 10
(33,24) (33,25) 10
(34,24) (34,25) 10
(35,24) (35,25) 10
(36,24) (36,25) 10
(37,24) (37,25) 10
(38,24) (38,25) 10
(39,24) (39,25) 10
(40,24) (40,25) 10
(1,25) (1,26) 10
(2,25) (2,26) 10
(3,25) (3,26) 10
(4,25) (4,26) 10
(5,25) (5,26) 10
(6,25) (6,26) 10
(7,25) (7,26) 10
(8,25) (8,26) 10
(9,25) (9,26) 10
(10,25) (10,26) 10
(11,25) (11,26) 10
(12,25) (12,26) 10
(13,25) (13,26) 10
(14,25) (14,26) 10
(15,25) (15,26) 10
(16,25) (16,26) 10
(17,25) (17,26) 10
(18,25) (18,26) 10
(19,25) (19,26) 10
(20,25) (20,26) 10
(21,25) (21,26) 10
(22,25) (22,26) 10
(23,25) (23,26) 10
(24,25) (24,26) 10
(25,25) (25,26) 10
(26,25) (26,26) 10
(27,25) (27,26) 10
(28,25) (28,26) 10
(29,25) (29,26) 10
(30,25) (30,26) 10
(31,25) (31,26) 10
(32,25) (32,26) 10
(33,25) (33,26) 10
(34,25) (34,26) 10
(35,25) (35,26) 10
(36,25) (36,26) 10
(37,25) (37,26) 10
(38,25) (38,26) 10
(39,25) (39,26) 10
(40,25) (40,26) 10
(1,26) (1,27) 10
(2,26) (2,27) 10
(3,26) (3,27) 10
(4,26) (4,27) 10
(5,26) (5,27) 10
(6,26) (6,27) 10
(7,26) (7,27) 10
(8,26) (8,27) 10
(9,26) (9,27) 10
(10,26) (10,27) 10
(11,26) (11,27) 10
(12,26) (12,27) 10
(13,26) (13,27) 10
(14,26) (14,27) 10
(15,26) (15,27) 10
(16,26) (16,27) 10
(17,26) (17,27) 10
(18,26) (18,27) 10
(19,26) (19,27) 10
(20,26) (20,27) 10
(21,26) (21,27) 10
(22,26) (22,27) 10
(23,26) (23,27) 10
(24,26) (24,27) 10
(25,26) (25,27) 10
(26,26) (26,27) 10
(27,26) (27,27) 10
(28,26) (28,27) 10
(29,26) (29,27) 10
(30,26) (30,27) 10
(31,26) (31,27) 10
(32,26) (32,27) 10
(33,26) (33,27) 10
(34,26) (34,27) 10
(35,26) (35,27) 10
(36,26) (36,27) 10
(37,26) (37,27) 10
(38,26) (38,27) 10
(39,26) (39,27) 10
(40,26) (40,27) 10
(1,27) (1,28) 10
(2,27) (2,28) 10
(3,27) (3,28) 10
(4,27) (4,28) 10
(5,27) (5,28) 10
(6,27) (6,28) 10
(7,27) (7,28) 10
(8,27) (8,28) 10
(9,27) (9,28) 10
(10,27) (10,28) 10
(11,27) (11,28) 10
(12,27) (12,28) 10
(13,27) (13,28) 10
(14,27) (14,28) 10
(15,27) (15,28) 10
(16,27) (16,28) 10
(17,27) (17,28) 10
(18,27) (18,28) 10
(19,27) (19,28) 10
(20,27) (20,28) 10
(21,27) (21,28) 10
(22,27) (22,28) 10
(23,27) (23,28) 10
(24,27) (24,28) 10
(25,27) (25,28) 10
(26,27) (26,28) 10
(27,27) (27,28) 10
(28,27) (28,28) 10
(29,27) (29,28) 10
(30,27) (30,28) 10
(31,27) (31,28) 10
(32,27) (32,28) 10
(33,27) (33,28) 10
(34,27) (34,28) 10
(35,27) (35,28) 10
(36,27) (36,28) 10
(37,27) (37,28) 10
(38,27) (38,28) 10
(39,27) (39,28) 10
(40,27) (40,28) 10
(1,28) (1,29) 10
(2,28) (2,29) 10
(3,28) (3,29) 10
(4,28) (4,29) 10
(5,28) (5,29) 10
(6,28) (6,29) 10
(7,28) (7,29) 10
(8,28) (8,29) 10
(9,28) (9,29) 10
(10,28) (10,29) 10
(11,28) (11,29) 10
(12,28) (12,29) 10
(13,28) (13,29) 10
(14,28) (14,29) 10
(15,28) (15,29) 10
(16,28) (16,29) 10
(17,28) (17,29) 10
(18,28) (18,29) 10
(19,28) (19,29) 10
(20,28) (20,29) 10
(21,28) (21,29) 10
(22,28) (22,29) 10
(23,28) (23,29) 10
(24,28) (24,29) 10
(25,28) (25,29) 10
(26,28) (26,29) 10
(27,28) (27,29) 10
(28,28) (28,29) 10
(29,28) (29,29) 10
(30,28) (30,29) 10
(31,28) (31,29) 10
(32,28) (32,29) 10
(33,28) (33,29) 10
(34,28) (34,29) 10
(35,28) (35,29) 10
(36,28) (36,29) 10
(37,28) (37,29) 10
(38,28) (38,29) 10
(39,28) (39,29) 10
(40,28) (40,29) 10
(1,29) (1,30) 10
(2,29) (2,30) 10
(3,29) (3,30) 10
(4,29) (4,30) 10
(5,29) (5,30) 10
(6,29) (6,30) 10
(7,29) (7,30) 10
(8,29) (8,30) 10
(9,29) (9,30) 10
(10,29) (10,30) 10
(11,29) (11,30) 10
(12,29) (12,30) 10
(13,29) (13,30) 10
(14,29) (14,30) 10
(15,29) (15,30) 10
(16,29) (16,30) 10
(17,29) (17,30) 10
(18,29) (18,30) 10
(19,29) (19,30) 10
(20,29) (20,30) 10
(21,29) (21,30) 10
(22,29) (22,30) 10
(23,29) (23,30) 10
(24,29) (24,30) 10
(25,29) (25,30) 10
(26,29) (26,30) 10
(27,29) (27,30) 10
(28,29) (28,30) 10
(29,29) (29,30) 10
(30,29) (30,30) 10
(31,29) (31,30) 10
(32,29) (32,30) 10
(33,29) (33,30) 10
(34,29) (34,30) 10
(35,29) (35,30) 10
(36,29) (36,30) 10
(37,29) (37,30) 10
(38,29) (38,30) 10
(39,29) (39,30) 10
(40,29) (40,30) 10
(1,30) (1,31) 10
(2,30) (2,31) 10
(3,30) (3,31) 10
(4,30) (4,31) 10
(5,30) (5,31) 10
(6,30) (6,31) 10
(7,30) (7,31) 10
(8,30) (8,31) 10
(9,30) (9,31) 10
(10,30) (10,31) 10
(11,30) (11,31) 10
(12,30) (12,31) 10
(13,30) (13,31) 10
(14,30) (14,31) 10
(15,30) (15,31) 10
(16,30) (16,31) 10
(17,30) (17,31) 10
(18,30) (18,31) 10
(19,30) (19,31) 10
(20,30) (20,31) 10
(21,30) (21,31) 10
(22,30) (22,31) 10
(23,30) (23,31) 10
(24,30) (24,31) 10
(25,30) (25,31) 10
(26,30) (26,31) 10
(27,30) (27,31) 10
(28,30) (28,31) 10
(29,30) (29,31) 10
(30,30) (30,31) 10
(31,30) (31,31) 10
(32,30) (32,31) 10
(33,30) (33,31) 10
(34,30) (34,31) 10
(35,30) (35,31) 10
(36,30) (36,31) 10
(37,30) (37,31) 10
(38,30) (38,31) 10
(39,30) (39,31) 10
(40,30) (40,31) 10
(1,31) (1,32) 10
(2,31) (2,32) 10
(3,31) (3,32) 10
(4,31) (4,32) 10
(5,31) (5,32) 10
(6,31) (6,32) 10
(7,31) (7,32) 10
(8,31) (8,32) 10
(9,31) (9,32) 10
(10,31) (10,32) 10
(11,31) (11,32) 10
(12,31) (12,32) 10
(13,31) (13,32) 10
(14,31) (14,32) 10
(15,31) (15,32) 10
(16,31) (16,32) 10
(17,31) (17,32) 10
(18,31) (18,32) 10
(19,31) (19,32) 10
(20,31) (20,32) 10
(21,31) (21,32) 10
(22,31) (22,32) 10
(23,31) (23,32) 10
(24,31) (24,32) 10
(25,31) (25,32) 10
(26,31) (26,32) 10
(27,31) (27,32) 10
(28,31) (28,32) 10
(29,31) (29,32) 10
(30,31) (30,32) 10
(31,31) (31,32) 10
(32,31) (32,32) 10
(33,31) (33,32) 10
(34,31) (34,32) 10
(35,31) (35,32) 10
(36,31) (36,32) 10
(37,31) (37,32) 10
(38,31) (38,32) 10
(39,31) (39,32) 10
(40,31) (40,32) 10
(1,32) (1,33) 10
(2,32) (2,33) 10
(3,32) (3,33) 10
(4,32) (4,33) 10
(5,32) (5,33) 10
(6,32) (6,33) 10
(7,32) (7,33) 10
(8,32) (8,33) 10
(9,32) (9,33) 10
(10,32) (10,33) 10
(11,32) (11,33) 10
(12,32) (12,33) 10
(13,32) (13,33) 10
(14,32) (14,33) 10
(15,32) (15,33) 10
(16,32) (16,33) 10
(17,32) (17,33) 10
(18,32) (18,33) 10
(19,32) (19,33) 10
(20,32) (20,33) 10
(21,32) (21,33) 10
(22,32) (22,33) 10
(23,32) (23,33) 10
(24,32) (24,33) 10
(25,32) (25,33) 10
(26,32) (26,33) 10
(27,32) (27,33) 10
(28,32) (28,33) 10
(29,32) (29,33) 10
(30,32) (30,33) 10
(31,32) (31,33) 10
(32,32) (32,33) 10
(33,32) (33,33) 10
(34,32) (34,33) 10
(35,32) (35,33) 10
(36,32) (36,33) 10
(37,32) (37,33) 10
(38,32) (38,33) 10
(39,32) (39,33) 10
(40,32) (40,33) 10
(1,33) (1,34) 10
(2,33) (2,34) 10
(3,33) (3,34) 10
(4,33) (4,34) 10
(5,33) (5,34) 10
(6,33) (6,34) 10
(7,33) (7,34) 10
(8,33) (8,34) 10
(9,33) (9,34) 10
(10,33) (10,34) 10
(11,33) (11,34) 10
(12,33) (12,34) 10
(13,33) (13,34) 10
(14,33) (14,34) 10
(15,33) (15,34) 10
(16,33) (16,34) 10
(17,33) (17,34) 10
(18,33) (18,34) 10
(19,33) (19,34) 10
(20,33) (20,34) 10
(21,33) (21,34) 10
(22,33) (22,34) 10
(23,33) (23,34) 10
(24,33) (24,34) 10
(25,33) (25,34) 10
(26,33) (26,34) 10
(27,33) (27,34) 10
(28,33) (28,34) 10
(29,33) (29,34) 10
(30,33) (30,34) 10
(31,33) (31,34) 10
(32,33) (32,34) 10
(33,33) (33,34) 10
(34,33) (34,34) 10
(35,33) (35,34) 10
(36,33) (36,34) 10
(37,33) (37,34) 10
(38,33) (38,34) 10
(39,33) (39,34) 10
(40,33) (40,34) 10
(1,34) (1,35) 10
(2,34) (2,35) 10
(3,34) (3,35) 10
(4,34) (4,35) 10
(5,34) (5,35) 10
(6,34) (6,35) 10
(7,34) (7,35) 10
(8,34) (8,35) 10
(9,34) (9,35) 10
(10,34) (10,35) 10
(11,34) (11,35) 10
(12,34) (12,35) 10
(13,34) (13,35) 10
(14,34) (14,35) 10
(15,34) (15,35) 10
(16,34) (16,35) 10
(17,34) (17,35) 10
(18,34) (18,35) 10
(19,34) (19,35) 10
(20,34) (20,35) 10
(21,34) (21,35) 10
(22,34) (22,35) 10
(23,34) (23,35) 10
(24,34) (24,35) 10
(25,34) (25,35) 10
(26,34) (26,35) 10
(27,34) (27,35) 10
(28,34) (28,35) 10
(29,34) (29,35) 10
(30,34) (30,35) 10
(31,34) (31,35) 10
(32,34) (32,35) 10
(33,34) (33,35) 10
(34,34) (34,35) 10
(35,34) (35,35) 10
(36,34) (36,35) 10
(37,34) (37,35) 10
(38,34) (38,35) 10
(39,34) (39,35) 10
(40,34) (40,35) 10
(1,35) (1,36) 10
(2,35) (2,36) 10
(3,35) (3,36) 10
(4,35) (4,36) 10
(5,35) (5,36) 10
(6,35) (6,36) 10
(7,35) (7,36) 10
(8,35) (8,36) 10
(9,35) (9,36) 10
(10,35) (10,36) 10
(11,35) (11,36) 10
(12,35) (12,36) 10
(13,35) (13,36) 10
(14,35) (14,36) 10
(15,35) (15,36) 10
(16,35) (16,36) 10
(17,35) (17,36) 10
(18,35) (18,36) 10
(19,35) (19,36) 10
(20,35) (20,36) 10
(21,35) (21,36) 10
(22,35) (22,36) 10
(23,35) (23,36) 10
(24,35) (24,36) 10
(25,35) (25,36) 10
(26,35) (26,36) 10
(27,35) (27,36) 10
(28,35) (28,36) 10
(29,35) (29,36) 10
(30,35) (30,36) 10
(31,35) (31,36) 10
(32,35) (32,36) 10
(33,35) (33,36) 10
(34,35) (34,36) 10
(35,35) (35,36) 10
(36,35) (36,36) 10
(37,35) (37,36) 10
(38,35) (38,36) 10
(39,35) (39,36) 10
(40,35) (40,36) 10
(1,36) (1,37) 10
(2,36) (2,37) 10
(3,36) (3,37) 10
(4,36) (4,37) 10
(5,36) (5,37) 10
(6,36) (6,37) 10
(7,36) (7,37) 10
(8,36) (8,37) 10
(9,36) (9,37) 10
(10,36) (10,37) 10
(11,36) (11,37) 10
(12,36) (12,37) 10
(13,36) (13,37) 10
(14,36) (14,37) 10
(15,36) (15,37) 10
(16,36) (16,37) 10
(17,36) (17,37) 10
(18,36) (18,37) 10
(19,36) (19,37) 10
(20,36) (20,37) 10
(21,36) (21,37) 10
(22,36) (22,37) 10
(23,36) (23,37) 10
(24,36) (24,37) 10
(25,36) (25,37) 10
(26,36) (26,37) 10
(27,36) (27,37) 10
(28,36) (28,37) 10
(29,36) (29,37) 10
(30,36) (30,37) 10
(31,36) (31,37) 10
(32,36) (32,37) 10
(33,36) (33,37) 10
(34,36) (34,37) 10
(35,36) (35,37) 10
(36,36) (36,37) 10
(37,36) (37,37) 10
(38,36) (38,37) 10
(39,36) (39,37) 10
(40,36) (40,37) 10
(1,37) (1,38) 10
(2,37) (2,38) 10
(3,37) (3,38) 10
(4,37) (4,38) 10
(5,37) (5,38) 10
(6,37) (6,38) 10
(7,37) (7,38) 10
(8,37) (8,38) 10
(9,37) (9,38) 10
(10,37) (10,38) 10
(11,37) (11,38) 10
(12,37) (12,38) 10
(13,37) (13,38) 10
(14,37) (14,38) 10
(15,37) (15,38) 10
(16,37) (16,38) 10
(17,37) (17,38) 10
(18,37) (18,38) 10
(19,37) (19,38) 10
(20,37) (20,38) 10
(21,37) (21,38) 10
(22,37) (22,38) 10
(23,37) (23,38) 10
(24,37) (24,38) 10
(25,37) (25,38) 10
(26,37) (26,38) 10
(27,37) (27,38) 10
(28,37) (28,38) 10
(29,37) (29,38) 10
(30,37) (30,38) 10
(31,37) (31,38) 10
(32,37) (32,38) 10
(33,37) (33,38) 10
(34,37) (34,38) 10
(35,37) (35,38) 10
(36,37) (36,38) 10
(37,37) (37,38) 10
(38,37) (38,38) 10
(39,37) (39,38) 10
(40,37) (40,38) 10
(1,38) (1,39) 10
(2,38) (2,39) 10
(3,38) (3,39) 10
(4,38) (4,39) 10
(5,38) (5,39) 10
(6,38) (6,39) 10
(7,38) (7,39) 10
(8,38) (8,39) 10
(9,38) (9,39) 10
(10,38) (10,39) 10
(11,38) (11,39) 10
(12,38) (12,39) 10
(13,38) (13,39) 10
(14,38) (14,39) 10
(15,38) (15,39) 10
(16,38) (16,39) 10
(17,38) (17,39) 10
(18,38) (18,39) 10
(19,38) (19,39) 10
(20,38) (20,39) 10
(21,38) (21,39) 10
(22,38) (22,39) 10
(23,38) (23,39) 10
(24,38) (24,39) 10
(25,38) (25,39) 10
(26,38) (26,39) 10
(27,38) (27,39) 10
(28,38) (28,39) 10
(29,38) (29,39) 10
(30,38) (30,39) 10
(31,38) (31,39) 10
(32,38) (32,39) 10
(33,38) (33,39) 10
(34,38) (34,39) 10
(35,38) (35,39) 10
(36,38) (36,39) 10
(37,38) (37,39) 10
(38,38) (38,39) 10
(39,38) (39,39) 10
(40,38) (40,39) 10
(1,39) (1,40) 10
(2,39) (2,40) 10
(3,39) (3,40) 10
(4,39) (4,40) 10
(5,39) (5,40) 10
(6,39) (6,40) 10
(7,39) (7,40) 10
(8,39) (8,40) 10
(9,39) (9,40) 10
(10,39) (10,40) 10
(11,39) (11,40) 10
(12,39) (12,40) 10
(13,39) (13,40) 10
(14,39) (14,40) 10
(15,39) (15,40) 10
(16,39) (16,40) 10
(17,39) (17,40) 10
(18,39) (18,40) 10
(19,39) (19,40) 10
(20,39) (20,40) 10
(21,39) (21,40) 10
(22,39) (22,40) 10
(23,39) (23,40) 10
(24,39) (24,40) 10
(25,39) (25,40) 10
(26,39) (26,40) 10
(27,39) (27,40) 10
(28,39) (28,40) 10
(29,39) (29,40) 10
(30,39) (30,40) 10
(31,39) (31,40) 10
(32,39) (32,40) 10
(33,39) (33,40) 10
(34,39) (34,40) 10
(35,39) (35,40) 10
(36,39) (36,40) 10
(37,39) (37,40) 10
(38,39) (38,40) 10
(39,39) (39,40) 10
(40,39) (40,40) 10
(1,1) (2,1) 10
(2,1) (1,1) 10
(2,1) (3,1) 10
(3,1) (2,1) 10
(3,1) (4,1) 10
(4,1) (3,1) 10
(4,1) (5,1) 10
(5,1) (4,1) 10
(5,1) (6,1) 10
(6,1) (5,1) 10
(6,1) (7,1) 10
(7,1) (6,1) 10
(7,1) (8,1) 10
(8,1) (7,1) 10
(8,1) (9,1) 10
(9,1) (8,1) 10
(9,1) (10,1) 10
(10,1) (9,1) 10
(10,1) (11,1) 10
(11,1) (10,1) 10
(11,1) (12,1) 10
(12,1) (11,1) 10
(12,1) (13,1) 10
(13,1) (12,1) 10
(13,1) (14,1) 10
(14,1) (13,1) 10
(14,1) (15,1) 10
(15,1) (14,1) 10
(15,1) (16,1) 10
(16,1) (15,1) 10
(16,1) (17,1) 10
(17,1) (16,1) 10
(17,1) (18,1) 10
(18,1) (17,1) 10
(18,1) (19,1) 10
(19,1) (18,1) 10
(19,1) (20,1) 10
(20,1) (19,1) 10
(20,1) (21,1) 10
(21,1) (20,1) 10
(21,1) (22,1) 10
(22,1) (21,1) 10
(22,1) (23,1) 10
(23,1) (22,1) 10
(23,1) (24,1) 10
(24,1) (23,1) 10
(24,1) (25,1) 10
(25,1) (24,1) 10
(25,1) (26,1) 10
(26,1) (25,1) 10
(26,1) (27,1) 10
(27,1) (26,1) 10
(27,1) (28,1) 10
(28,1) (27,1) 10
(28,1) (29,1) 10
(29,1) (28,1) 10
(29,1) (30,1) 10
(30,1) (29,1) 10
(30,1) (31,1) 10
(31,1) (30,1) 10
(31,1) (32,1) 10
(32,1) (31,1) 10
(32,1) (33,1) 10
(33,1) (32,1) 10
(33,1) (34,1) 10
(34,1) (33,1) 10
(34,1) (35,1) 10
(35,1) (34,1) 10
(35,1) (36,1) 10
(36,1) (35,1) 10
(36,1) (37,1) 10
(37,1) (36,1) 10
(37,1) (38,1) 10
(38,1) (37,1) 10
(38,1) (39,1) 10
(39,1) (38,1) 10
(39,1) (40,1) 10
(40,1) (39,1) 10
(1,2) (2,2) 10
(2,2) (1,2) 10
(2,2) (3,2) 10
(3,2) (2,2) 10
(3,2) (4,2) 10
(4,2) (3,2) 10
(4,2) (5,2) 10
(5,2) (4,2) 10
(5,2) (6,2) 10
(6,2) (5,2) 10
(6,2) (7,2) 10
(7,2) (6,2) 10
(7,2) (8,2) 10
(8,2) (7,2) 10
(8,2) (9,2) 10
(9,2) (8,2) 10
(9,2) (10,2) 10
(10,2) (9,2) 10
(10,2) (11,2) 10
(11,2) (10,2) 10
(11,2) (12,2) 10
(12,2) (11,2) 10
(12,2) (13,2) 10
(13,2) (12,2) 10
(13,2) (14,2) 10
(14,2) (13,2) 10
(14,2) (15,2) 10
(15,2) (14,2) 10
(15,2) (16,2) 10
(16,2) (15,2) 10
(16,2) (17,2) 10
(17,2) (16,2) 10
(17,2) (18,2) 10
(18,2) (17,2) 10
(18,2) (19,2) 10
(19,2) (18,2) 10
(19,2) (20,2) 10
(20,2) (19,2) 10
(20,2) (21,2) 10
(21,2) (20,2) 10
(21,2) (22,2) 10
(22,2) (21,2) 10
(22,2) (23,2) 10
(23,2) (22,2) 10
(23,2) (24,2) 10
(24,2) (23,2) 10
(24,2) (25,2) 10
(25,2) (24,2) 10
(25,2) (26,2) 10
(26,2) (25,2) 10
(26,2) (27,2) 10
(27,2) (26,2) 10
(27,2) (28,2) 10
(28,2) (27,2) 10
(28,2) (29,2) 10
(29,2) (28,2) 10
(29,2) (30,2) 10
(30,2) (29,2) 10
(30,2) (31,2) 10
(31,2) (30,2) 10
(31,2) (32,2) 10
(32,2) (31,2) 10
(32,2) (33,2) 10
(33,2) (32,2) 10
(33,2) (34,2) 10
(34,2) (33,2) 10
(34,2) (35,2) 10
(35,2) (34,2) 10
(35,2) (36,2) 10
(36,2) (35,2) 10
(36,2) (37,2) 10
(37,2) (36,2) 10
(37,2) (38,2) 10
(38,2) (37,2) 10
(38,2) (39,2) 10
(39,2) (38,2) 10
(39,2) (40,2) 10
(40,2) (39,2) 10
(1,3) (2,3) 10
(2,3) (1,3) 10
(2,3) (3,3) 10
(3,3) (2,3) 10
(3,3) (4,3) 10
(4,3) (3,3) 10
(4,3) (5,3) 10
(5,3) (4,3) 10
(5,3) (6,3) 10
(6,3) (5,3) 10
(6,3) (7,3) 10
(7,3) (6,3) 10
(7,3) (8,3) 10
(8,3) (7,3) 10
(8,3) (9,3) 10
(9,3) (8,3) 10
(9,3) (10,3) 10
(10,3) (9,3) 10
(10,3) (11,3) 10
(11,3) (10,3) 10
(11,3) (12,3) 10
(12,3) (11,3) 10
(12,3) (13,3) 10
(13,3) (12,3) 10
(13,3) (14,3) 10
(14,3) (13,3) 10
(14,3) (15,3) 10
(15,3) (14,3) 10
(15,3) (16,3) 10
(16,3) (15,3) 10
(16,3) (17,3) 10
(17,3) (16,3) 10
(17,3) (18,3) 10
(18,3) (17,3) 10
(18,3) (19,3) 10
(19,3) (18,3) 10
(19,3) (20,3) 10
(20,3) (19,3) 10
(20,3) (21,3) 10
(21,3) (20,3) 10
(21,3) (22,3) 10
(22,3) (21,3) 10
(22,3) (23,3) 10
(23,3) (22,3) 10
(23,3) (24,3) 10
(24,3) (23,3) 10
(24,3) (25,3) 10
(25,3) (24,3) 10
(25,3) (26,3) 10
(26,3) (25,3) 10
(26,3) (27,3) 10
(27,3) (26,3) 10
(27,3) (28,3) 10
(28,3) (27,3) 10
(28,3) (29,3) 10
(29,3) (28,3) 10
(29,3) (30,3) 10
(30,3) (29,3) 10
(30,3) (31,3) 10
(31,3) (30,3) 10
(31,3) (32,3) 10
(32,3) (31,3) 10
(32,3) (33,3) 10
(33,3) (32,3) 10
(33,3) (34,3) 10
(34,3) (33,3) 10
(34,3) (35,3) 10
(35,3) (34,3) 10
(35,3) (36,3) 10
(36,3) (35,3) 10
(36,3) (37,3) 10
(37,3) (36,3) 10
(37,3) (38,3) 10
(38,3) (37,3) 10
(38,3) (39,3) 10
(39,3) (38,3) 10
(39,3) (40,3) 10
(40,3) (39,3) 10
(1,4) (2,4) 10
(2,4) (1,4) 10
(2,4) (3,4) 10
(3,4) (2,4) 10
(3,4) (4,4) 10
(4,4) (3,4) 10
(4,4) (5,4) 10
(5,4) (4,4) 10
(5,4) (6,4) 10
(6,4) (5,4) 10
(6,4) (7,4) 10
(7,4) (6,4) 10
(7,4) (8,4) 10
(8,4) (7,4) 10
(8,4) (9,4) 10
(9,4) (8,4) 10
(9,4) (10,4) 10
(10,4) (9,4) 10
(10,4) (11,4) 10
(11,4) (10,4) 10
(11,4) (12,4) 10
(12,4) (11,4) 10
(12,4) (13,4) 10
(13,4) (12,4) 10
(13,4) (14,4) 10
(14,4) (13,4) 10
(14,4) (15,4) 10
(15,4) (14,4) 10
(15,4) (16,4) 10
(16,4) (15,4) 10
(16,4) (17,4) 10
(17,4) (16,4) 10
(17,4) (18,4) 10
(18,4) (17,4) 10
(18,4) (19,4) 10
(19,4) (18,4) 10
(19,4) (20,4) 10
(20,4) (19,4) 10
(20,4) (21,4) 10
(21,4) (20,4) 10
(21,4) (22,4) 10
(22,4) (21,4) 10
(22,4) (23,4) 10
(23,4) (22,4) 10
(23,4) (24,4) 10
(24,4) (23,4) 10
(24,4) (25,4) 10
(25,4) (24,4) 10
(25,4) (26,4) 10
(26,4) (25,4) 10
(26,4) (27,4) 10
(27,4) (26,4) 10
(27,4) (28,4) 10
(28,4) (27,4) 10
(28,4) (29,4) 10
(29,4) (28,4) 10
(29,4) (30,4) 10
(30,4) (29,4) 10
(30,4) (31,4) 10
(31,4) (30,4) 10
(31,4) (32,4) 10
(32,4) (31,4) 10
(32,4) (33,4) 10
(33,4) (32,4) 10
(33,4) (34,4) 10
(34,4) (33,4) 10
(34,4) (35,4) 10
(35,4) (34,4) 10
(35,4) (36,4) 10
(36,4) (35,4) 10
(36,4) (37,4) 10
(37,4) (36,4) 10
(37,4) (38,4) 10
(38,4) (37,4) 10
(38,4) (39,4) 10
(39,4) (38,4) 10
(39,4) (40,4) 10
(40,4) (39,4) 10
(1,5) (2,5) 10
(2,5) (1,5) 10
(2,5) (3,5) 10
(3,5) (2,5) 10
(3,5) (4,5) 10
(4,5) (3,5) 10
(4,5) (5,5) 10
(5,5) (4,5) 10
(5,5) (6,5) 10
(6,5) (5,5) 10
(6,5) (7,5) 10
(7,5) (6,5) 10
(7,5) (8,5) 10
(8,5) (7,5) 10
(8,5) (9,5) 10
(9,5) (8,5) 10
(9,5) (10,5) 10
(10,5) (9,5) 10
(10,5) (11,5) 10
(11,5) (10,5) 10
(11,5) (12,5) 10
(12,5) (11,5) 10
(12,5) (13,5) 10
(13,5) (12,5) 10
(13,5) (14,5) 10
(14,5) (13,5) 10
(14,5) (15,5) 10
(15,5) (14,5) 10
(15,5) (16,5) 10
(16,5) (15,5) 10
(16,5) (17,5) 10
(17,5) (16,5) 10
(17,5) (18,5) 10
(18,5) (17,5) 10
(18,5) (19,5) 10
(19,5) (18,5) 10
(19,5) (20,5) 10
(20,5) (19,5) 10
(20,5) (21,5) 10
(21,5) (20,5) 10
(21,5) (22,5) 10
(22,5) (21,5) 10
(22,5) (23,5) 10
(23,5) (22,5) 10
(23,5) (24,5) 10
(24,5) (23,5) 10
(24,5) (25,5) 10
(25,5) (24,5) 10
(25,5) (26,5) 10
(26,5) (25,5) 10
(26,5) (27,5) 10
(27,5) (26,5) 10
(27,5) (28,5) 10
(28,5) (27,5) 10
(28,5) (29,5) 10
(29,5) (28,5) 10
(29,5) (30,5) 10
(30,5) (29,5) 10
(30,5) (31,5) 10
(31,5) (30,5) 10
(31,5) (32,5) 10
(32,5) (31,5) 10
(32,5) (33,5) 10
(33,5) (32,5) 10
(33,5) (34,5) 10
(34,5) (33,5) 10
(34,5) (35,5) 10
(35,5) (34,5) 10
(35,5) (36,5) 10
(36,5) (35,5) 10
(36,5) (37,5) 10
(37,5) (36,5) 10
(37,5) (38,5) 10
(38,5) (37,5) 10
(38,5) (39,5) 10
(39,5) (38,5) 10
(39,5) (40,5) 10
(40,5) (39,5) 10
(1,6) (2,6) 10
(2,6) (1,6) 10
(2,6) (3,6) 10
(3,6) (2,6) 10
(3,6) (4,6) 10
(4,6) (3,6) 10
(4,6) (5,6) 10
(5,6) (4,6) 10
(5,6) (6,6) 10
(6,6) (5,6) 10
(6,6) (7,6) 10
(7,6) (6,6) 10
(7,6) (8,6) 10
(8,6) (7,6) 10
(8,6) (9,6) 10
(9,6) (8,6) 10
(9,6) (10,6) 10
(10,6) (9,6) 10
(10,6) (11,6) 10
(11,6) (10,6) 10
(11,6) (12,6) 10
(12,6) (11,6) 10
(12,6) (13,6) 10
(13,6) (12,6) 10
(13,6) (14,6) 10
(14,6) (13,6) 10
(14,6) (15,6) 10
(15,6) (14,6) 10
(15,6) (16,6) 10
(16,6) (15,6) 10
(16,6) (17,6) 10
(17,6) (16,6) 10
(17,6) (18,6) 10
(18,6) (17,6) 10
(18,6) (19,6) 10
(19,6) (18,6) 10
(19,6) (20,6) 10
(20,6) (19,6) 10
(20,6) (21,6) 10
(21,6) (20,6) 10
(21,6) (22,6) 10
(22,6) (21,6) 10
(22,6) (23,6) 10
(23,6) (22,6) 10
(23,6) (24,6) 10
(24,6) (23,6) 10
(24,6) (25,6) 10
(25,6) (24,6) 10
(25,6) (26,6) 10
(26,6) (25,6) 10
(26,6) (27,6) 10
(27,6) (26,6) 10
(27,6) (28,6) 10
(28,6) (27,6) 10
(28,6) (29,6) 10
(29,6) (28,6) 10
(29,6) (30,6) 10
(30,6) (29,6) 10
(30,6) (31,6) 10
(31,6) (30,6) 10
(31,6) (32,6) 10
(32,6) (31,6) 10
(32,6) (33,6) 10
(33,6) (32,6) 10
(33,6) (34,6) 10
(34,6) (33,6) 10
(34,6) (35,6) 10
(35,6) (34,6) 10
(35,6) (36,6) 10
(36,6) (35,6) 10
(36,6) (37,6) 10
(37,6) (36,6) 10
(37,6) (38,6) 10
(38,6) (37,6) 10
(38,6) (39,6) 10
(39,6) (38,6) 10
(39,6) (40,6) 10
(40,6) (39,6) 10
(1,7) (2,7) 10
(2,7) (1,7) 10
(2,7) (3,7) 10
(3,7) (2,7) 10
(3,7) (4,7) 10
(4,7) (3,7) 10
(4,7) (5,7) 10
(5,7) (4,7) 10
(5,7) (6,7) 10
(6,7) (5,7) 10
(6,7) (7,7) 10
(7,7) (6,7) 10
(7,7) (8,7) 10
(8,7) (7,7) 10
(8,7) (9,7) 10
(9,7) (8,7) 10
(9,7) (10,7) 10
(10,7) (9,7) 10
(10,7) (11,7) 10
(11,7) (10,7) 10
(11,7) (12,7) 10
(12,7) (11,7) 10
(12,7) (13,7) 10
(13,7) (12,7) 10
(13,7) (14,7) 10
(14,7) (13,7) 10
(14,7) (15,7) 10
(15,7) (14,7) 10
(15,7) (16,7) 10
(16,7) (15,7) 10
(16,7) (17,7) 10
(17,7) (16,7) 10
(17,7) (18,7) 10
(18,7) (17,7) 10
(18,7) (19,7) 10
(19,7) (18,7) 10
(19,7) (20,7) 10
(20,7) (19,7) 10
(20,7) (21,7) 10
(21,7) (20,7) 10
(21,7) (22,7) 10
(22,7) (21,7) 10
(22,7) (23,7) 10
(23,7) (22,7) 10
(23,7) (24,7) 10
(24,7) (23,7) 10
(24,7) (25,7) 10
(25,7) (24,7) 10
(25,7) (26,7) 10
(26,7) (25,7) 10
(26,7) (27,7) 10
(27,7) (26,7) 10
(27,7) (28,7) 10
(28,7) (27,7) 10
(28,7) (29,7) 10
(29,7) (28,7) 10
(29,7) (30,7) 10
(30,7) (29,7) 10
(30,7) (31,7) 10
(31,7) (30,7) 10
(31,7) (32,7) 10
(32,7) (31,7) 10
(32,7) (33,7) 10
(33,7) (32,7) 10
(33,7) (34,7) 10
(34,7) (33,7) 10
(34,7) (35,7) 10
(35,7) (34,7) 10
(35,7) (36,7) 10
(36,7) (35,7) 10
(36,7) (37,7) 10
(37,7) (36,7) 10
(37,7) (38,7) 10
(38,7) (37,7) 10
(38,7) (39,7) 10
(39,7) (38,7) 10
(39,7) (40,7) 10
(40,7) (39,7) 10
(1,8) (2,8) 10
(2,8) (1,8) 10
(2,8) (3,8) 10
(3,8) (2,8) 10
(3,8) (4,8) 10
(4,8) (3,8) 10
(4,8) (5,8) 10
(5,8) (4,8) 10
(5,8) (6,8) 10
(6,8) (5,8) 10
(6,8) (7,8) 10
(7,8) (6,8) 10
(7,8) (8,8) 10
(8,8) (7,8) 10
(8,8) (9,8) 10
(9,8) (8,8) 10
(9,8) (10,8) 10
(10,8) (9,8) 10
(10,8) (11,8) 10
(11,8) (10,8) 10
(11,8) (12,8) 10
(12,8) (11,8) 10
(12,8) (13,8) 10
(13,8) (12,8) 10
(13,8) (14,8) 10
(14,8) (13,8) 10
(14,8) (15,8) 10
(15,8) (14,8) 10
(15,8) (16,8) 10
(16,8) (15,8) 10
(16,8) (17,8) 10
(17,8) (16,8) 10
(17,8) (18,8) 10
(18,8) (17,8) 10
(18,8) (19,8) 10
(19,8) (18,8) 10
(19,8) (20,8) 10
(20,8) (19,8) 10
(20,8) (21,8) 10
(21,8) (20,8) 10
(21,8) (22,8) 10
(22,8) (21,8) 10
(22,8) (23,8) 10
(23,8) (22,8) 10
(23,8) (24,8) 10
(24,8) (23,8) 10
(24,8) (25,8) 10
(25,8) (24,8) 10
(25,8) (26,8) 10
(26,8) (25,8) 10
(26,8) (27,8) 10
(27,8) (26,8) 10
(27,8) (28,8) 10
(28,8) (27,8) 10
(28,8) (29,8) 10
(29,8) (28,8) 10
(29,8) (30,8) 10
(30,8) (29,8) 10
(30,8) (31,8) 10
(31,8) (30,8) 10
(31,8) (32,8) 10
(32,8) (31,8) 10
(32,8) (33,8) 10
(33,8) (32,8) 10
(33,8) (34,8) 10
(34,8) (33,8) 10
(34,8) (35,8) 10
(35,8) (34,8) 10
(35,8) (36,8) 10
(36,8) (35,8) 10
(36,8) (37,8) 10
(37,8) (36,8) 10
(37,8) (38,8) 10
(38,8) (37,8) 10
(38,8) (39,8) 10
(39,8) (38,8) 10
(39,8) (40,8) 10
(40,8) (39,8) 10
(1,9) (2,9) 10
(2,9) (1,9) 10
(2,9) (3,9) 10
(3,9) (2,9) 10
(3,9) (4,9) 10
(4,9) (3,9) 10
(4,9) (5,9) 10
(5,9) (4,9) 10
(5,9) (6,9) 10
(6,9) (5,9) 10
(6,9) (7,9) 10
(7,9) (6,9) 10
(7,9) (8,9) 10
(8,9) (7,9) 10
(8,9) (9,9) 10
(9,9) (8,9) 10
(9,9) (10,9) 10
(10,9) (9,9) 10
(10,9) (11,9) 10
(11,9) (10,9) 10
(11,9) (12,9) 10
(12,9) (11,9) 10
(12,9) (13,9) 10
(13,9) (12,9) 10
(13,9) (14,9) 10
(14,9) (13,9) 10
(14,9) (15,9) 10
(15,9) (14,9) 10
(15,9) (16,9) 10
(16,9) (15,9) 10
(16,9) (17,9) 10
(17,9) (16,9) 10
(17,9) (18,9) 10
(18,9) (17,9) 10
(18,9) (19,9) 10
(19,9) (18,9) 10
(19,9) (20,9) 10
(20,9) (19,9) 10
(20,9) (21,9) 10
(21,9) (20,9) 10
(21,9) (22,9) 10
(22,9) (21,9) 10
(22,9) (23,9) 10
(23,9) (22,9) 10
(23,9) (24,9) 10
(24,9) (23,9) 10
(24,9) (25,9) 10
(25,9) (24,9) 10
(25,9) (26,9) 10
(26,9) (25,9) 10
(26,9) (27,9) 10
(27,9) (26,9) 10
(27,9) (28,9) 10
(28,9) (27,9) 10
(28,9) (29,9) 10
(29,9) (28,9) 10
(29,9) (30,9) 10
(30,9) (29,9) 10
(30,9) (31,9) 10
(31,9) (30,9) 10
(31,9) (32,9) 10
(32,9) (31,9) 10
(32,9) (33,9) 10
(33,9) (32,9) 10
(33,9) (34,9) 10
(34,9) (33,9) 10
(34,9) (35,9) 10
(35,9) (34,9) 10
(35,9) (36,9) 10
(36,9) (35,9) 10
(36,9) (37,9) 10
(37,9) (36,9) 10
(37,9) (38,9) 10
(38,9) (37,9) 10
(38,9) (39,9) 10
(39,9) (38,9) 10
(39,9) (40,9) 10
(40,9) (39,9) 10
(1,10) (2,10) 10
(2,10) (1,10) 10
(2,10) (3,10) 10
(3,10) (2,10) 10
(3,10) (4,10) 10
(4,10) (3,10) 10
(4,10) (5,10) 10
(5,10) (4,10) 10
(5,10) (6,10) 10
(6,10) (5,10) 10
(6,10) (7,10) 10
(7,10) (6,10) 10
(7,10) (8,10) 10
(8,10) (7,10) 10
(8,10) (9,10) 10
(9,10) (8,10) 10
(9,10) (10,10) 10
(10,10) (9,10) 10
(10,10) (11,10) 10
(11,10) (10,10) 10
(11,10) (12,10) 10
(12,10) (11,10) 10
(12,10) (13,10) 10
(13,10) (12,10) 10
(13,10) (14,10) 10
(14,10) (13,10) 10
(14,10) (15,10) 10
(15,10) (14,10) 10
(15,10) (16,10) 10
(16,10) (15,10) 10
(16,10) (17,10) 10
(17,10) (16,10) 10
(17,10) (18,10) 10
(18,10) (17,10) 10
(18,10) (19,10) 10
(19,10) (18,10) 10
(19,10) (20,10) 10
(20,10) (19,10) 10
(20,10) (21,10) 10
(21,10) (20,10) 10
(21,10) (22,10) 10
(22,10) (21,10) 10
(22,10) (23,10) 10
(23,10) (22,10) 10
(23,10) (24,10) 10
(24,10) (23,10) 10
(24,10) (25,10) 10
(25,10) (24,10) 10
(25,10) (26,10) 10
(26,10) (25,10) 10
(26,10) (27,10) 10
(27,10) (26,10) 10
(27,10) (28,10) 10
(28,10) (27,10) 10
(28,10) (29,10) 10
(29,10) (28,10) 10
(29,10) (30,10) 10
(30,10) (29,10) 10
(30,10) (31,10) 10
(31,10) (30,10) 10
(31,10) (32,10) 10
(32,10) (31,10) 10
(32,10) (33,10) 10
(33,10) (32,10) 10
(33,10) (34,10) 10
(34,10) (33,10) 10
(34,10) (35,10) 10
(35,10) (34,10) 10
(35,10) (36,10) 10
(36,10) (35,10) 10
(36,10) (37,10) 10
(37,10) (36,10) 10
(37,10) (38,10) 10
(38,10) (37,10) 10
(38,10) (39,10) 10
(39,10) (38,10) 10
(39,10) (40,10) 10
(40,10) (39,10) 10
(1,11) (2,11) 10
(2,11) (1,11) 10
(2,11) (3,11) 10
(3,11) (2,11) 10
(3,11) (4,11) 10
(4,11) (3,11) 10
(4,11) (5,11) 10
(5,11) (4,11) 10
(5,11) (6,11) 10
(6,11) (5,11) 10
(6,11) (7,11) 10
(7,11) (6,11) 10
(7,11) (8,11) 10
(8,11) (7,11) 10
(8,11) (9,11) 10
(9,11) (8,11) 10
(9,11) (10,11) 10
(10,11) (9,11) 10
(10,11) (11,11) 10
(11,11) (10,11) 10
(11,11) (12,11) 10
(12,11) (11,11) 10
(12,11) (13,11) 10
(13,11) (12,11) 10
(13,11) (14,11) 10
(14,11) (13,11) 10
(14,11) (15,11) 10
(15,11) (14,11) 10
(15,11) (16,11) 10
(16,11) (15,11) 10
(16,11) (17,11) 10
(17,11) (16,11) 10
(17,11) (18,11) 10
(18,11) (17,11) 10
(18,11) (19,11) 10
(19,11) (18,11) 10
(19,11) (20,11) 10
(20,11) (19,11) 10
(20,11) (21,11) 10
(21,11) (20,11) 10
(21,11) (22,11) 10
(22,11) (21,11) 10
(22,11) (23,11) 10
(23,11) (22,11) 10
(23,11) (24,11) 10
(24,11) (23,11) 10
(24,11) (25,11) 10
(25,11) (24,11) 10
(25,11) (26,11) 10
(26,11) (25,11) 10
(26,11) (27,11) 10
(27,11) (26,11) 10
(27,11) (28,11) 10
(28,11) (27,11) 10
(28,11) (29,11) 10
(29,11) (28,11) 10
(29,11) (30,11) 10
(30,11) (29,11) 10
(30,11) (31,11) 10
(31,11) (30,11) 10
(31,11) (32,11) 10
(32,11) (31,11) 10
(32,11) (33,11) 10
(33,11) (32,11) 10
(33,11) (34,11) 10
(34,11) (33,11) 10
(34,11) (35,11) 10
(35,11) (34,11) 10
(35,11) (36,11) 10
(36,11) (35,11) 10
(36,11) (37,11) 10
(37,11) (36,11) 10
(37,11) (38,11) 10
(38,11) (37,11) 10
(38,11) (39,11) 10
(39,11) (38,11) 10
(39,11) (40,11) 10
(40,11) (39,11) 10
(1,12) (2,12) 10
(2,12) (1,12) 10
(2,12) (3,12) 10
(3,12) (2,12) 10
(3,12) (4,12) 10
(4,12) (3,12) 10
(4,12) (5,12) 10
(5,12) (4,12) 10
(5,12) (6,12) 10
(6,12) (5,12) 10
(6,12) (7,12) 10
(7,12) (6,12) 10
(7,12) (8,12) 10
(8,12) (7,12) 10
(8,12) (9,12) 10
(9,12) (8,12) 10
(9,12) (10,12) 10
(10,12) (9,12) 10
(10,12) (11,12) 10
(11,12) (10,12) 10
(11,12) (12,12) 10
(12,12) (11,12) 10
(12,12) (13,12) 10
(13,12) (12,12) 10
(13,12) (14,12) 10
(14,12) (13,12) 10
(14,12) (15,12) 10
(15,12) (14,12) 10
(15,12) (16,12) 10
(16,12) (15,12) 10
(16,12) (17,12) 10
(17,12) (16,12) 10
(17,12) (18,12) 10
(18,12) (17,12) 10
(18,12) (19,12) 10
(19,12) (18,12) 10
(19,12) (20,12) 10
(20,12) (19,12) 10
(20,12) (21,12) 10
(21,12) (20,12) 10
(21,12) (22,12) 10
(22,12) (21,12) 10
(22,12) (23,12) 10
(23,12) (22,12) 10
(23,12) (24,12) 10
(24,12) (23,12) 10
(24,12) (25,12) 10
(25,12) (24,12) 10
(25,12) (26,12) 10
(26,12) (25,12) 10
(26,12) (27,12) 10
(27,12) (26,12) 10
(27,12) (28,12) 10
(28,12) (27,12) 10
(28,12) (29,12) 10
(29,12) (28,12) 10
(29,12) (30,12) 10
(30,12) (29,12) 10
(30,12) (31,12) 10
(31,12) (30,12) 10
(31,12) (32,12) 10
(32,12) (31,12) 10
(32,12) (33,12) 10
(33,12) (32,12) 10
(33,12) (34,12) 10
(34,12) (33,12) 10
(34,12) (35,12) 10
(35,12) (34,12) 10
(35,12) (36,12) 10
(36,12) (35,12) 10
(36,12) (37,12) 10
(37,12) (36,12) 10
(37,12) (38,12) 10
(38,12) (37,12) 10
(38,12) (39,12) 10
(39,12) (38,12) 10
(39,12) (40,12) 10
(40,12) (39,12) 10
(1,13) (2,13) 10
(2,13) (1,13) 10
(2,13) (3,13) 10
(3,13) (2,13) 10
(3,13) (4,13) 10
(4,13) (3,13) 10
(4,13) (5,13) 10
(5,13) (4,13) 10
(5,13) (6,13) 10
(6,13) (5,13) 10
(6,13) (7,13) 10
(7,13) (6,13) 10
(7,13) (8,13) 10
(8,13) (7,13) 10
(8,13) (9,13) 10
(9,13) (8,13) 10
(9,13) (10,13) 10
(10,13) (9,13) 10
(10,13) (11,13) 10
(11,13) (10,13) 10
(11,13) (12,13) 10
(12,13) (11,13) 10
(12,13) (13,13) 10
(13,13) (12,13) 10
(13,13) (14,13) 10
(14,13) (13,13) 10
(14,13) (15,13) 10
(15,13) (14,13) 10
(15,13) (16,13) 10
(16,13) (15,13) 10
(16,13) (17,13) 10
(17,13) (16,13) 10
(17,13) (18,13) 10
(18,13) (17,13) 10
(18,13) (19,13) 10
(19,13) (18,13) 10
(19,13) (20,13) 10
(20,13) (19,13) 10
(20,13) (21,13) 10
(21,13) (20,13) 10
(21,13) (22,13) 10
(22,13) (21,13) 10
(22,13) (23,13) 10
(23,13) (22,13) 10
(23,13) (24,13) 10
(24,13) (23,13) 10
(24,13) (25,13) 10
(25,13) (24,13) 10
(25,13) (26,13) 10
(26,13) (25,13) 10
(26,13) (27,13) 10
(27,13) (26,13) 10
(27,13) (28,13) 10
(28,13) (27,13) 10
(28,13) (29,13) 10
(29,13) (28,13) 10
(29,13) (30,13) 10
(30,13) (29,13) 10
(30,13) (31,13) 10
(31,13) (30,13) 10
(31,13) (32,13) 10
(32,13) (31,13) 10
(32,13) (33,13) 10
(33,13) (32,13) 10
(33,13) (34,13) 10
(34,13) (33,13) 10
(34,13) (35,13) 10
(35,13) (34,13) 10
(35,13) (36,13) 10
(36,13) (35,13) 10
(36,13) (37,13) 10
(37,13) (36,13) 10
(37,13) (38,13) 10
(38,13) (37,13) 10
(38,13) (39,13) 10
(39,13) (38,13) 10
(39,13) (40,13) 10
(40,13) (39,13) 10
(1,14) (2,14) 10
(2,14) (1,14) 10
(2,14) (3,14) 10
(3,14) (2,14) 10
(3,14) (4,14) 10
(4,14) (3,14) 10
(4,14) (5,14) 10
(5,14) (4,14) 10
(5,14) (6,14) 10
(6,14) (5,14) 10
(6,14) (7,14) 10
(7,14) (6,14) 10
(7,14) (8,14) 10
(8,14) (7,14) 10
(8,14) (9,14) 10
(9,14) (8,14) 10
(9,14) (10,14) 10
(10,14) (9,14) 10
(10,14) (11,14) 10
(11,14) (10,14) 10
(11,14) (12,14) 10
(12,14) (11,14) 10
(12,14) (13,14) 10
(13,14) (12,14) 10
(13,14) (14,14) 10
(14,14) (13,14) 10
(14,14) (15,14) 10
(15,14) (14,14) 10
(15,14) (16,14) 10
(16,14) (15,14) 10
(16,14) (17,14) 10
(17,14) (16,14) 10
(17,14) (18,14) 10
(18,14) (17,14) 10
(18,14) (19,14) 10
(19,14) (18,14) 10
(19,14) (20,14) 10
(20,14) (19,14) 10
(20,14) (21,14) 10
(21,14) (20,14) 10
(21,14) (22,14) 10
(22,14) (21,14) 10
(22,14) (23,14) 10
(23,14) (22,14) 10
(23,14) (24,14) 10
(24,14) (23,14) 10
(24,14) (25,14) 10
(25,14) (24,14) 10
(25,14) (26,14) 10
(26,14) (25,14) 10
(26,14) (27,14) 10
(27,14) (26,14) 10
(27,14) (28,14) 10
(28,14) (27,14) 10
(28,14) (29,14) 10
(29,14) (28,14) 10
(29,14) (30,14) 10
(30,14) (29,14) 10
(30,14) (31,14) 10
(31,14) (30,14) 10
(31,14) (32,14) 10
(32,14) (31,14) 10
(32,14) (33,14) 10
(33,14) (32,14) 10
(33,14) (34,14) 10
(34,14) (33,14) 10
(34,14) (35,14) 10
(35,14) (34,14) 10
(35,14) (36,14) 10
(36,14) (35,14) 10
(36,14) (37,14) 10
(37,14) (36,14) 10
(37,14) (38,14) 10
(38,14) (37,14) 10
(38,14) (39,14) 10
(39,14) (38,14) 10
(39,14) (40,14) 10
(40,14) (39,14) 10
(1,15) (2,15) 10
(2,15) (1,15) 10
(2,15) (3,15) 10
(3,15) (2,15) 10
(3,15) (4,15) 10
(4,15) (3,15) 10
(4,15) (5,15) 10
(5,15) (4,15) 10
(5,15) (6,15) 10
(6,15) (5,15) 10
(6,15) (7,15) 10
(7,15) (6,15) 10
(7,15) (8,15) 10
(8,15) (7,15) 10
(8,15) (9,15) 10
(9,15) (8,15) 10
(9,15) (10,15) 10
(10,15) (9,15) 10
(10,15) (11,15) 10
(11,15) (10,15) 10
(11,15) (12,15) 10
(12,15) (11,15) 10
(12,15) (13,15) 10
(13,15) (12,15) 10
(13,15) (14,15) 10
(14,15) (13,15) 10
(14,15) (15,15) 10
(15,15) (14,15) 10
(15,15) (16,15) 10
(16,15) (15,15) 10
(16,15) (17,15) 10
(17,15) (16,15) 10
(17,15) (18,15) 10
(18,15) (17,15) 10
(18,15) (19,15) 10
(19,15) (18,15) 10
(19,15) (20,15) 10
(20,15) (19,15) 10
(20,15) (21,15) 10
(21,15) (20,15) 10
(21,15) (22,15) 10
(22,15) (21,15) 10
(22,15) (23,15) 10
(23,15) (22,15) 10
(23,15) (24,15) 10
(24,15) (23,15) 10
(24,15) (25,15) 10
(25,15) (24,15) 10
(25,15) (26,15) 10
(26,15) (25,15) 10
(26,15) (27,15) 10
(27,15) (26,15) 10
(27,15) (28,15) 10
(28,15) (27,15) 10
(28,15) (29,15) 10
(29,15) (28,15) 10
(29,15) (30,15) 10
(30,15) (29,15) 10
(30,15) (31,15) 10
(31,15) (30,15) 10
(31,15) (32,15) 10
(32,15) (31,15) 10
(32,15) (33,15) 10
(33,15) (32,15) 10
(33,15) (34,15) 10
(34,15) (33,15) 10
(34,15) (35,15) 10
(35,15) (34,15) 10
(35,15) (36,15) 10
(36,15) (35,15) 10
(36,15) (37,15) 10
(37,15) (36,15) 10
(37,15) (38,15) 10
(38,15) (37,15) 10
(38,15) (39,15) 10
(39,15) (38,15) 10
(39,15) (40,15) 10
(40,15) (39,15) 10
(1,16) (2,16) 10
(2,16) (1,16) 10
(2,16) (3,16) 10
(3,16) (2,16) 10
(3,16) (4,16) 10
(4,16) (3,16) 10
(4,16) (5,16) 10
(5,16) (4,16) 10
(5,16) (6,16) 10
(6,16) (5,16) 10
(6,16) (7,16) 10
(7,16) (6,16) 10
(7,16) (8,16) 10
(8,16) (7,16) 10
(8,16) (9,16) 10
(9,16) (8,16) 10
(9,16) (10,16) 10
(10,16) (9,16) 10
(10,16) (11,16) 10
(11,16) (10,16) 10
(11,16) (12,16) 10
(12,16) (11,16) 10
(12,16) (13,16) 10
(13,16) (12,16) 10
(13,16) (14,16) 10
(14,16) (13,16) 10
(14,16) (15,16) 10
(15,16) (14,16) 10
(15,16) (16,16) 10
(16,16) (15,16) 10
(16,16) (17,16) 10
(17,16) (16,16) 10
(17,16) (18,16) 10
(18,16) (17,16) 10
(18,16) (19,16) 10
(19,16) (18,16) 10
(19,16) (20,16) 10
(20,16) (19,16) 10
(20,16) (21,16) 10
(21,16) (20,16) 10
(21,16) (22,16) 10
(22,16) (21,16) 10
(22,16) (23,16) 10
(23,16) (22,16) 10
(23,16) (24,16) 10
(24,16) (23,16) 10
(24,16) (25,16) 10
(25,16) (24,16) 10
(25,16) (26,16) 10
(26,16) (25,16) 10
(26,16) (27,16) 10
(27,16) (26,16) 10
(27,16) (28,16) 10
(28,16) (27,16) 10
(28,16) (29,16) 10
(29,16) (28,16) 10
(29,16) (30,16) 10
(30,16) (29,16) 10
(30,16) (31,16) 10
(31,16) (30,16) 10
(31,16) (32,16) 10
(32,16) (31,16) 10
(32,16) (33,16) 10
(33,16) (32,16) 10
(33,16) (34,16) 10
(34,16) (33,16) 10
(34,16) (35,16) 10
(35,16) (34,16) 10
(35,16) (36,16) 10
(36,16) (35,16) 10
(36,16) (37,16) 10
(37,16) (36,16) 10
(37,16) (38,16) 10
(38,16) (37,16) 10
(38,16) (39,16) 10
(39,16) (38,16) 10
(39,16) (40,16) 10
(40,16) (39,16) 10
(1,17) (2,17) 10
(2,17) (1,17) 10
(2,17) (3,17) 10
(3,17) (2,17) 10
(3,17) (4,17) 10
(4,17) (3,17) 10
(4,17) (5,17) 10
(5,17) (4,17) 10
(5,17) (6,17) 10
(6,17) (5,17) 10
(6,17) (7,17) 10
(7,17) (6,17) 10
(7,17) (8,17) 10
(8,17) (7,17) 10
(8,17) (9,17) 10
(9,17) (8,17) 10
(9,17) (10,17) 10
(10,17) (9,17) 10
(10,17) (11,17) 10
(11,17) (10,17) 10
(11,17) (12,17) 10
(12,17) (11,17) 10
(12,17) (13,17) 10
(13,17) (12,17) 10
(13,17) (14,17) 10
(14,17) (13,17) 10
(14,17) (15,17) 10
(15,17) (14,17) 10
(15,17) (16,17) 10
(16,17) (15,17) 10
(16,17) (17,17) 10
(17,17) (16,17) 10
(17,17) (18,17) 10
(18,17) (17,17) 10
(18,17) (19,17) 10
(19,17) (18,17) 10
(19,17) (20,17) 10
(20,17) (19,17) 10
(20,17) (21,17) 10
(21,17) (20,17) 10
(21,17) (22,17) 10
(22,17) (21,17) 10
(22,17) (23,17) 10
(23,17) (22,17) 10
(23,17) (24,17) 10
(24,17) (23,17) 10
(24,17) (25,17) 10
(25,17) (24,17) 10
(25,17) (26,17) 10
(26,17) (25,17) 10
(26,17) (27,17) 10
(27,17) (26,17) 10
(27,17) (28,17) 10
(28,17) (27,17) 10
(28,17) (29,17) 10
(29,17) (28,17) 10
(29,17) (30,17) 10
(30,17) (29,17) 10
(30,17) (31,17) 10
(31,17) (30,17) 10
(31,17) (32,17) 10
(32,17) (31,17) 10
(32,17) (33,17) 10
(33,17) (32,17) 10
(33,17) (34,17) 10
(34,17) (33,17) 10
(34,17) (35,17) 10
(35,17) (34,17) 10
(35,17) (36,17) 10
(36,17) (35,17) 10
(36,17) (37,17) 10
(37,17) (36,17) 10
(37,17) (38,17) 10
(38,17) (37,17) 10
(38,17) (39,17) 10
(39,17) (38,17) 10
(39,17) (40,17) 10
(40,17) (39,17) 10
(1,18) (2,18) 10
(2,18) (1,18) 10
(2,18) (3,18) 10
(3,18) (2,18) 10
(3,18) (4,18) 10
(4,18) (3,18) 10
(4,18) (5,18) 10
(5,18) (4,18) 10
(5,18) (6,18) 10
(6,18) (5,18) 10
(6,18) (7,18) 10
(7,18) (6,18) 10
(7,18) (8,18) 10
(8,18) (7,18) 10
(8,18) (9,18) 10
(9,18) (8,18) 10
(9,18) (10,18) 10
(10,18) (9,18) 10
(10,18) (11,18) 10
(11,18) (10,18) 10
(11,18) (12,18) 10
(12,18) (11,18) 10
(12,18) (13,18) 10
(13,18) (12,18) 10
(13,18) (14,18) 10
(14,18) (13,18) 10
(14,18) (15,18) 10
(15,18) (14,18) 10
(15,18) (16,18) 10
(16,18) (15,18) 10
(16,18) (17,18) 10
(17,18) (16,18) 10
(17,18) (18,18) 10
(18,18) (17,18) 10
(18,18) (19,18) 10
(19,18) (18,18) 10
(19,18) (20,18) 10
(20,18) (19,18) 10
(20,18) (21,18) 10
(21,18) (20,18) 10
(21,18) (22,18) 10
(22,18) (21,18) 10
(22,18) (23,18) 10
(23,18) (22,18) 10
(23,18) (24,18) 10
(24,18) (23,18) 10
(24,18) (25,18) 10
(25,18) (24,18) 10
(25,18) (26,18) 10
(26,18) (25,18) 10
(26,18) (27,18) 10
(27,18) (26,18) 10
(27,18) (28,18) 10
(28,18) (27,18) 10
(28,18) (29,18) 10
(29,18) (28,18) 10
(29,18) (30,18) 10
(30,18) (29,18) 10
(30,18) (31,18) 10
(31,18) (30,18) 10
(31,18) (32,18) 10
(32,18) (31,18) 10
(32,18) (33,18) 10
(33,18) (32,18) 10
(33,18) (34,18) 10
(34,18) (33,18) 10
(34,18) (35,18) 10
(35,18) (34,18) 10
(35,18) (36,18) 10
(36,18) (35,18) 10
(36,18) (37,18) 10
(37,18) (36,18) 10
(37,18) (38,18) 10
(38,18) (37,18) 10
(38,18) (39,18) 10
(39,18) (38,18) 10
(39,18) (40,18) 10
(40,18) (39,18) 10
(1,19) (2,19) 10
(2,19) (1,19) 10
(2,19) (3,19) 10
(3,19) (2,19) 10
(3,19) (4,19) 10
(4,19) (3,19) 10
(4,19) (5,19) 10
(5,19) (4,19) 10
(5,19) (6,19) 10
(6,19) (5,19) 10
(6,19) (7,19) 10
(7,19) (6,19) 10
(7,19) (8,19) 10
(8,19) (7,19) 10
(8,19) (9,19) 10
(9,19) (8,19) 10
(9,19) (10,19) 10
(10,19) (9,19) 10
(10,19) (11,19) 10
(11,19) (10,19) 10
(11,19) (12,19) 10
(12,19) (11,19) 10
(12,19) (13,19) 10
(13,19) (12,19) 10
(13,19) (14,19) 10
(14,19) (13,19) 10
(14,19) (15,19) 10
(15,19) (14,19) 10
(15,19) (16,19) 10
(16,19) (15,19) 10
(16,19) (17,19) 10
(17,19) (16,19) 10
(17,19) (18,19) 10
(18,19) (17,19) 10
(18,19) (19,19) 10
(19,19) (18,19) 10
(19,19) (20,19) 10
(20,19) (19,19) 10
(20,19) (21,19) 10
(21,19) (20,19) 10
(21,19) (22,19) 10
(22,19) (21,19) 10
(22,19) (23,19) 10
(23,19) (22,19) 10
(23,19) (24,19) 10
(24,19) (23,19) 10
(24,19) (25,19) 10
(25,19) (24,19) 10
(25,19) (26,19) 10
(26,19) (25,19) 10
(26,19) (27,19) 10
(27,19) (26,19) 10
(27,19) (28,19) 10
(28,19) (27,19) 10
(28,19) (29,19) 10
(29,19) (28,19) 10
(29,19) (30,19) 10
(30,19) (29,19) 10
(30,19) (31,19) 10
(31,19) (30,19) 10
(31,19) (32,19) 10
(32,19) (31,19) 10
(32,19) (33,19) 10
(33,19) (32,19) 10
(33,19) (34,19) 10
(34,19) (33,19) 10
(34,19) (35,19) 10
(35,19) (34,19) 10
(35,19) (36,19) 10
(36,19) (35,19) 10
(36,19) (37,19) 10
(37,19) (36,19) 10
(37,19) (38,19) 10
(38,19) (37,19) 10
(38,19) (39,19) 10
(39,19) (38,19) 10
(39,19) (40,19) 10
(40,19) (39,19) 10
(1,20) (2,20) 10
(2,20) (1,20) 10
(2,20) (3,20) 10
(3,20) (2,20) 10
(3,20) (4,20) 10
(4,20) (3,20) 10
(4,20) (5,20) 10
(5,20) (4,20) 10
(5,20) (6,20) 10
(6,20) (5,20) 10
(6,20) (7,20) 10
(7,20) (6,20) 10
(7,20) (8,20) 10
(8,20) (7,20) 10
(8,20) (9,20) 10
(9,20) (8,20) 10
(9,20) (10,20) 10
(10,20) (9,20) 10
(10,20) (11,20) 10
(11,20) (10,20) 10
(11,20) (12,20) 10
(12,20) (11,20) 10
(12,20) (13,20) 10
(13,20) (12,20) 10
(13,20) (14,20) 10
(14,20) (13,20) 10
(14,20) (15,20) 10
(15,20) (14,20) 10
(15,20) (16,20) 10
(16,20) (15,20) 10
(16,20) (17,20) 10
(17,20) (16,20) 10
(17,20) (18,20) 10
(18,20) (17,20) 10
(18,20) (19,20) 10
(19,20) (18,20) 10
(19,20) (20,20) 10
(20,20) (19,20) 10
(20,20) (21,20) 10
(21,20) (20,20) 10
(21,20) (22,20) 10
(22,20) (21,20) 10
(22,20) (23,20) 10
(23,20) (22,20) 10
(23,20) (24,20) 10
(24,20) (23,20) 10
(24,20) (25,20) 10
(25,20) (24,20) 10
(25,20) (26,20) 10
(26,20) (25,20) 10
(26,20) (27,20) 10
(27,20) (26,20) 10
(27,20) (28,20) 10
(28,20) (27,20) 10
(28,20) (29,20) 10
(29,20) (28,20) 10
(29,20) (30,20) 10
(30,20) (29,20) 10
(30,20) (31,20) 10
(31,20) (30,20) 10
(31,20) (32,20) 10
(32,20) (31,20) 10
(32,20) (33,20) 10
(33,20) (32,20) 10
(33,20) (34,20) 10
(34,20) (33,20) 10
(34,20) (35,20) 10
(35,20) (34,20) 10
(35,20) (36,20) 10
(36,20) (35,20) 10
(36,20) (37,20) 10
(37,20) (36,20) 10
(37,20) (38,20) 10
(38,20) (37,20) 10
(38,20) (39,20) 10
(39,20) (38,20) 10
(39,20) (40,20) 10
(40,20) (39,20) 10
(1,21) (2,21) 10
(2,21) (1,21) 10
(2,21) (3,21) 10
(3,21) (2,21) 10
(3,21) (4,21) 10
(4,21) (3,21) 10
(4,21) (5,21) 10
(5,21) (4,21) 10
(5,21) (6,21) 10
(6,21) (5,21) 10
(6,21) (7,21) 10
(7,21) (6,21) 10
(7,21) (8,21) 10
(8,21) (7,21) 10
(8,21) (9,21) 10
(9,21) (8,21) 10
(9,21) (10,21) 10
(10,21) (9,21) 10
(10,21) (11,21) 10
(11,21) (10,21) 10
(11,21) (12,21) 10
(12,21) (11,21) 10
(12,21) (13,21) 10
(13,21) (12,21) 10
(13,21) (14,21) 10
(14,21) (13,21) 10
(14,21) (15,21) 10
(15,21) (14,21) 10
(15,21) (16,21) 10
(16,21) (15,21) 10
(16,21) (17,21) 10
(17,21) (16,21) 10
(17,21) (18,21) 10
(18,21) (17,21) 10
(18,21) (19,21) 10
(19,21) (18,21) 10
(19,21) (20,21) 10
(20,21) (19,21) 10
(20,21) (21,21) 10
(21,21) (20,21) 10
(21,21) (22,21) 10
(22,21) (21,21) 10
(22,21) (23,21) 10
(23,21) (22,21) 10
(23,21) (24,21) 10
(24,21) (23,21) 10
(24,21) (25,21) 10
(25,21) (24,21) 10
(25,21) (26,21) 10
(26,21) (25,21) 10
(26,21) (27,21) 10
(27,21) (26,21) 10
(27,21) (28,21) 10
(28,21) (27,21) 10
(28,21) (29,21) 10
(29,21) (28,21) 10
(29,21) (30,21) 10
(30,21) (29,21) 10
(30,21) (31,21) 10
(31,21) (30,21) 10
(31,21) (32,21) 10
(32,21) (31,21) 10
(32,21) (33,21) 10
(33,21) (32,21) 10
(33,21) (34,21) 10
(34,21) (33,21) 10
(34,21) (35,21) 10
(35,21) (34,21) 10
(35,21) (36,21) 10
(36,21) (35,21) 10
(36,21) (37,21) 10
(37,21) (36,21) 10
(37,21) (38,21) 10
(38,21) (37,21) 10
(38,21) (39,21) 10
(39,21) (38,21) 10
(39,21) (40,21) 10
(40,21) (39,21) 10
(1,22) (2,22) 10
(2,22) (1,22) 10
(2,22) (3,22) 10
(3,22) (2,22) 10
(3,22) (4,22) 10
(4,22) (3,22) 10
(4,22) (5,22) 10
(5,22) (4,22) 10
(5,22) (6,22) 10
(6,22) (5,22) 10
(6,22) (7,22) 10
(7,22) (6,22) 10
(7,22) (8,22) 10
(8,22) (7,22) 10
(8,22) (9,22) 10
(9,22) (8,22) 10
(9,22) (10,22) 10
(10,22) (9,22) 10
(10,22) (11,22) 10
(11,22) (10,22) 10
(11,22) (12,22) 10
(12,22) (11,22) 10
(12,22) (13,22) 10
(13,22) (12,22) 10
(13,22) (14,22) 10
(14,22) (13,22) 10
(14,22) (15,22) 10
(15,22) (14,22) 10
(15,22) (16,22) 10
(16,22) (15,22) 10
(16,22) (17,22) 10
(17,22) (16,22) 10
(17,22) (18,22) 10
(18,22) (17,22) 10
(18,22) (19,22) 10
(19,22) (18,22) 10
(19,22) (20,22) 10
(20,22) (19,22) 10
(20,22) (21,22) 10
(21,22) (20,22) 10
(21,22) (22,22) 10
(22,22) (21,22) 10
(22,22) (23,22) 10
(23,22) (22,22) 10
(23,22) (24,22) 10
(24,22) (23,22) 10
(24,22) (25,22) 10
(25,22) (24,22) 10
(25,22) (26,22) 10
(26,22) (25,22) 10
(26,22) (27,22) 10
(27,22) (26,22) 10
(27,22) (28,22) 10
(28,22) (27,22) 10
(28,22) (29,22) 10
(29,22) (28,22) 10
(29,22) (30,22) 10
(30,22) (29,22) 10
(30,22) (31,22) 10
(31,22) (30,22) 10
(31,22) (32,22) 10
(32,22) (31,22) 10
(32,22) (33,22) 10
(33,22) (32,22) 10
(33,22) (34,22) 10
(34,22) (33,22) 10
(34,22) (35,22) 10
(35,22) (34,22) 10
(35,22) (36,22) 10
(36,22) (35,22) 10
(36,22) (37,22) 10
(37,22) (36,22) 10
(37,22) (38,22) 10
(38,22) (37,22) 10
(38,22) (39,22) 10
(39,22) (38,22) 10
(39,22) (40,22) 10
(40,22) (39,22) 10
(1,23) (2,23) 10
(2,23) (1,23) 10
(2,23) (3,23) 10
(3,23) (2,23) 10
(3,23) (4,23) 10
(4,23) (3,23) 10
(4,23) (5,23) 10
(5,23) (4,23) 10
(5,23) (6,23) 10
(6,23) (5,23) 10
(6,23) (7,23) 10
(7,23) (6,23) 10
(7,23) (8,23) 10
(8,23) (7,23) 10
(8,23) (9,23) 10
(9,23) (8,23) 10
(9,23) (10,23) 10
(10,23) (9,23) 10
(10,23) (11,23) 10
(11,23) (10,23) 10
(11,23) (12,23) 10
(12,23) (11,23) 10
(12,23) (13,23) 10
(13,23) (12,23) 10
(13,23) (14,23) 10
(14,23) (13,23) 10
(14,23) (15,23) 10
(15,23) (14,23) 10
(15,23) (16,23) 10
(16,23) (15,23) 10
(16,23) (17,23) 10
(17,23) (16,23) 10
(17,23) (18,23) 10
(18,23) (17,23) 10
(18,23) (19,23) 10
(19,23) (18,23) 10
(19,23) (20,23) 10
(20,23) (19,23) 10
(20,23) (21,23) 10
(21,23) (20,23) 10
(21,23) (22,23) 10
(22,23) (21,23) 10
(22,23) (23,23) 10
(23,23) (22,23) 10
(23,23) (24,23) 10
(24,23) (23,23) 10
(24,23) (25,23) 10
(25,23) (24,23) 10
(25,23) (26,23) 10
(26,23) (25,23) 10
(26,23) (27,23) 10
(27,23) (26,23) 10
(27,23) (28,23) 10
(28,23) (27,23) 10
(28,23) (29,23) 10
(29,23) (28,23) 10
(29,23) (30,23) 10
(30,23) (29,23) 10
(30,23) (31,23) 10
(31,23) (30,23) 10
(31,23) (32,23) 10
(32,23) (31,23) 10
(32,23) (33,23) 10
(33,23) (32,23) 10
(33,23) (34,23) 10
(34,23) (33,23) 10
(34,23) (35,23) 10
(35,23) (34,23) 10
(35,23) (36,23) 10
(36,23) (35,23) 10
(36,23) (37,23) 10
(37,23) (36,23) 10
(37,23) (38,23) 10
(38,23) (37,23) 10
(38,23) (39,23) 10
(39,23) (38,23) 10
(39,23) (40,23) 10
(40,23) (39,23) 10
(1,24) (2,24) 10
(2,24) (1,24) 10
(2,24) (3,24) 10
(3,24) (2,24) 10
(3,24) (4,24) 10
(4,24) (3,24) 10
(4,24) (5,24) 10
(5,24) (4,24) 10
(5,24) (6,24) 10
(6,24) (5,24) 10
(6,24) (7,24) 10
(7,24) (6,24) 10
(7,24) (8,24) 10
(8,24) (7,24) 10
(8,24) (9,24) 10
(9,24) (8,24) 10
(9,24) (10,24) 10
(10,24) (9,24) 10
(10,24) (11,24) 10
(11,24) (10,24) 10
(11,24) (12,24) 10
(12,24) (11,24) 10
(12,24) (13,24) 10
(13,24) (12,24) 10
(13,24) (14,24) 10
(14,24) (13,24) 10
(14,24) (15,24) 10
(15,24) (14,24) 10
(15,24) (16,24) 10
(16,24) (15,24) 10
(16,24) (17,24) 10
(17,24) (16,24) 10
(17,24) (18,24) 10
(18,24) (17,24) 10
(18,24) (19,24) 10
(19,24) (18,24) 10
(19,24) (20,24) 10
(20,24) (19,24) 10
(20,24) (21,24) 10
(21,24) (20,24) 10
(21,24) (22,24) 10
(22,24) (21,24) 10
(22,24) (23,24) 10
(23,24) (22,24) 10
(23,24) (24,24) 10
(24,24) (23,24) 10
(24,24) (25,24) 10
(25,24) (24,24) 10
(25,24) (26,24) 10
(26,24) (25,24) 10
(26,24) (27,24) 10
(27,24) (26,24) 10
(27,24) (28,24) 10
(28,24) (27,24) 10
(28,24) (29,24) 10
(29,24) (28,24) 10
(29,24) (30,24) 10
(30,24) (29,24) 10
(30,24) (31,24) 10
(31,24) (30,24) 10
(31,24) (32,24) 10
(32,24) (31,24) 10
(32,24) (33,24) 10
(33,24) (32,24) 10
(33,24) (34,24) 10
(34,24) (33,24) 10
(34,24) (35,24) 10
(35,24) (34,24) 10
(35,24) (36,24) 10
(36,24) (35,24) 10
(36,24) (37,24) 10
(37,24) (36,24) 10
(37,24) (38,24) 10
(38,24) (37,24) 10
(38,24) (39,24) 10
(39,24) (38,24) 10
(39,24) (40,24) 10
(40,24) (39,24) 10
(1,25) (2,25) 10
(2,25) (1,25) 10
(2,25) (3,25) 10
(3,25) (2,25) 10
(3,25) (4,25) 10
(4,25) (3,25) 10
(4,25) (5,25) 10
(5,25) (4,25) 10
(5,25) (6,25) 10
(6,25) (5,25) 10
(6,25) (7,25) 10
(7,25) (6,25) 10
(7,25) (8,25) 10
(8,25) (7,25) 10
(8,25) (9,25) 10
(9,25) (8,25) 10
(9,25) (10,25) 10
(10,25) (9,25) 10
(10,25) (11,25) 10
(11,25) (10,25) 10
(11,25) (12,25) 10
(12,25) (11,25) 10
(12,25) (13,25) 10
(13,25) (12,25) 10
(13,25) (14,25) 10
(14,25) (13,25) 10
(14,25) (15,25) 10
(15,25) (14,25) 10
(15,25) (16,25) 10
(16,25) (15,25) 10
(16,25) (17,25) 10
(17,25) (16,25) 10
(17,25) (18,25) 10
(18,25) (17,25) 10
(18,25) (19,25) 10
(19,25) (18,25) 10
(19,25) (20,25) 10
(20,25) (19,25) 10
(20,25) (21,25) 10
(21,25) (20,25) 10
(21,25) (22,25) 10
(22,25) (21,25) 10
(22,25) (23,25) 10
(23,25) (22,25) 10
(23,25) (24,25) 10
(24,25) (23,25) 10
(24,25) (25,25) 10
(25,25) (24,25) 10
(25,25) (26,25) 10
(26,25) (25,25) 10
(26,25) (27,25) 10
(27,25) (26,25) 10
(27,25) (28,25) 10
(28,25) (27,25) 10
(28,25) (29,25) 10
(29,25) (28,25) 10
(29,25) (30,25) 10
(30,25) (29,25) 10
(30,25) (31,25) 10
(31,25) (30,25) 10
(31,25) (32,25) 10
(32,25) (31,25) 10
(32,25) (33,25) 10
(33,25) (32,25) 10
(33,25) (34,25) 10
(34,25) (33,25) 10
(34,25) (35,25) 10
(35,25) (34,25) 10
(35,25) (36,25) 10
(36,25) (35,25) 10
(36,25) (37,25) 10
(37,25) (36,25) 10
(37,25) (38,25) 10
(38,25) (37,25) 10
(38,25) (39,25) 10
(39,25) (38,25) 10
(39,25) (40,25) 10
(40,25) (39,25) 10
(1,26) (2,26) 10
(2,26) (1,26) 10
(2,26) (3,26) 10
(3,26) (2,26) 10
(3,26) (4,26) 10
(4,26) (3,26) 10
(4,26) (5,26) 10
(5,26) (4,26) 10
(5,26) (6,26) 10
(6,26) (5,26) 10
(6,26) (7,26) 10
(7,26) (6,26) 10
(7,26) (8,26) 10
(8,26) (7,26) 10
(8,26) (9,26) 10
(9,26) (8,26) 10
(9,26) (10,26) 10
(10,26) (9,26) 10
(10,26) (11,26) 10
(11,26) (10,26) 10
(11,26) (12,26) 10
(12,26) (11,26) 10
(12,26) (13,26) 10
(13,26) (12,26) 10
(13,26) (14,26) 10
(14,26) (13,26) 10
(14,26) (15,26) 10
(15,26) (14,26) 10
(15,26) (16,26) 10
(16,26) (15,26) 10
(16,26) (17,26) 10
(17,26) (16,26) 10
(17,26) (18,26) 10
(18,26) (17,26) 10
(18,26) (19,26) 10
(19,26) (18,26) 10
(19,26) (20,26) 10
(20,26) (19,26) 10
(20,26) (21,26) 10
(21,26) (20,26) 10
(21,26) (22,26) 10
(22,26) (21,26) 10
(22,26) (23,26) 10
(23,26) (22,26) 10
(23,26) (24,26) 10
(24,26) (23,26) 10
(24,26) (25,26) 10
(25,26) (24,26) 10
(25,26) (26,26) 10
(26,26) (25,26) 10
(26,26) (27,26) 10
(27,26) (26,26) 10
(27,26) (28,26) 10
(28,26) (27,26) 10
(28,26) (29,26) 10
(29,26) (28,26) 10
(29,26) (30,26) 10
(30,26) (29,26) 10
(30,26) (31,26) 10
(31,26) (30,26) 10
(31,26) (32,26) 10
(32,26) (31,26) 10
(32,26) (33,26) 10
(33,26) (32,26) 10
(33,26) (34,26) 10
(34,26) (33,26) 10
(34,26) (35,26) 10
(35,26) (34,26) 10
(35,26) (36,26) 10
(36,26) (35,26) 10
(36,26) (37,26) 10
(37,26) (36,26) 10
(37,26) (38,26) 10
(38,26) (37,26) 10
(38,26) (39,26) 10
(39,26) (38,26) 10
(39,26) (40,26) 10
(40,26) (39,26) 10
(1,27) (2,27) 10
(2,27) (1,27) 10
(2,27) (3,27) 10
(3,27) (2,27) 10
(3,27) (4,27) 10
(4,27) (3,27) 10
(4,27) (5,27) 10
(5,27) (4,27) 10
(5,27) (6,27) 10
(6,27) (5,27) 10
(6,27) (7,27) 10
(7,27) (6,27) 10
(7,27) (8,27) 10
(8,27) (7,27) 10
(8,27) (9,27) 10
(9,27) (8,27) 10
(9,27) (10,27) 10
(10,27) (9,27) 10
(10,27) (11,27) 10
(11,27) (10,27) 10
(11,27) (12,27) 10
(12,27) (11,27) 10
(12,27) (13,27) 10
(13,27) (12,27) 10
(13,27) (14,27) 10
(14,27) (13,27) 10
(14,27) (15,27) 10
(15,27) (14,27) 10
(15,27) (16,27) 10
(16,27) (15,27) 10
(16,27) (17,27) 10
(17,27) (16,27) 10
(17,27) (18,27) 10
(18,27) (17,27) 10
(18,27) (19,27) 10
(19,27) (18,27) 10
(19,27) (20,27) 10
(20,27) (19,27) 10
(20,27) (21,27) 10
(21,27) (20,27) 10
(21,27) (22,27) 10
(22,27) (21,27) 10
(22,27) (23,27) 10
(23,27) (22,27) 10
(23,27) (24,27) 10
(24,27) (23,27) 10
(24,27) (25,27) 10
(25,27) (24,27) 10
(25,27) (26,27) 10
(26,27) (25,27) 10
(26,27) (27,27) 10
(27,27) (26,27) 10
(27,27) (28,27) 10
(28,27) (27,27) 10
(28,27) (29,27) 10
(29,27) (28,27) 10
(29,27) (30,27) 10
(30,27) (29,27) 10
(30,27) (31,27) 10
(31,27) (30,27) 10
(31,27) (32,27) 10
(32,27) (31,27) 10
(32,27) (33,27) 10
(33,27) (32,27) 10
(33,27) (34,27) 10
(34,27) (33,27) 10
(34,27) (35,27) 10
(35,27) (34,27) 10
(35,27) (36,27) 10
(36,27) (35,27) 10
(36,27) (37,27) 10
(37,27) (36,27) 10
(37,27) (38,27) 10
(38,27) (37,27) 10
(38,27) (39,27) 10
(39,27) (38,27) 10
(39,27) (40,27) 10
(40,27) (39,27) 10
(1,28) (2,28) 10
(2,28) (1,28) 10
(2,28) (3,28) 10
(3,28) (2,28) 10
(3,28) (4,28) 10
(4,28) (3,28) 10
(4,28) (5,28) 10
(5,28) (4,28) 10
(5,28) (6,28) 10
(6,28) (5,28) 10
(6,28) (7,28) 10
(7,28) (6,28) 10
(7,28) (8,28) 10
(8,28) (7,28) 10
(8,28) (9,28) 10
(9,28) (8,28) 10
(9,28) (10,28) 10
(10,28) (9,28) 10
(10,28) (11,28) 10
(11,28) (10,28) 10
(11,28) (12,28) 10
(12,28) (11,28) 10
(12,28) (13,28) 10
(13,28) (12,28) 10
(13,28) (14,28) 10
(14,28) (13,28) 10
(14,28) (15,28) 10
(15,28) (14,28) 10
(15,28) (16,28) 10
(16,28) (15,28) 10
(16,28) (17,28) 10
(17,28) (16,28) 10
(17,28) (18,28) 10
(18,28) (17,28) 10
(18,28) (19,28) 10
(19,28) (18,28) 10
(19,28) (20,28) 10
(20,28) (19,28) 10
(20,28) (21,28) 10
(21,28) (20,28) 10
(21,28) (22,28) 10
(22,28) (21,28) 10
(22,28) (23,28) 10
(23,28) (22,28) 10
(23,28) (24,28) 10
(24,28) (23,28) 10
(24,28) (25,28) 10
(25,28) (24,28) 10
(25,28) (26,28) 10
(26,28) (25,28) 10
(26,28) (27,28) 10
(27,28) (26,28) 10
(27,28) (28,28) 10
(28,28) (27,28) 10
(28,28) (29,28) 10
(29,28) (28,28) 10
(29,28) (30,28) 10
(30,28) (29,28) 10
(30,28) (31,28) 10
(31,28) (30,28) 10
(31,28) (32,28) 10
(32,28) (31,28) 10
(32,28) (33,28) 10
(33,28) (32,28) 10
(33,28) (34,28) 10
(34,28) (33,28) 10
(34,28) (35,28) 10
(35,28) (34,28) 10
(35,28) (36,28) 10
(36,28) (35,28) 10
(36,28) (37,28) 10
(37,28) (36,28) 10
(37,28) (38,28) 10
(38,28) (37,28) 10
(38,28) (39,28) 10
(39,28) (38,28) 10
(39,28) (40,28) 10
(40,28) (39,28) 10
(1,29) (2,29) 10
(2,29) (1,29) 10
(2,29) (3,29) 10
(3,29) (2,29) 10
(3,29) (4,29) 10
(4,29) (3,29) 10
(4,29) (5,29) 10
(5,29) (4,29) 10
(5,29) (6,29) 10
(6,29) (5,29) 10
(6,29) (7,29) 10
(7,29) (6,29) 10
(7,29) (8,29) 10
(8,29) (7,29) 10
(8,29) (9,29) 10
(9,29) (8,29) 10
(9,29) (10,29) 10
(10,29) (9,29) 10
(10,29) (11,29) 10
(11,29) (10,29) 10
(11,29) (12,29) 10
(12,29) (11,29) 10
(12,29) (13,29) 10
(13,29) (12,29) 10
(13,29) (14,29) 10
(14,29) (13,29) 10
(14,29) (15,29) 10
(15,29) (14,29) 10
(15,29) (16,29) 10
(16,29) (15,29) 10
(16,29) (17,29) 10
(17,29) (16,29) 10
(17,29) (18,29) 10
(18,29) (17,29) 10
(18,29) (19,29) 10
(19,29) (18,29) 10
(19,29) (20,29) 10
(20,29) (19,29) 10
(20,29) (21,29) 10
(21,29) (20,29) 10
(21,29) (22,29) 10
(22,29) (21,29) 10
(22,29) (23,29) 10
(23,29) (22,29) 10
(23,29) (24,29) 10
(24,29) (23,29) 10
(24,29) (25,29) 10
(25,29) (24,29) 10
(25,29) (26,29) 10
(26,29) (25,29) 10
(26,29) (27,29) 10
(27,29) (26,29) 10
(27,29) (28,29) 10
(28,29) (27,29) 10
(28,29) (29,29) 10
(29,29) (28,29) 10
(29,29) (30,29) 10
(30,29) (29,29) 10
(30,29) (31,29) 10
(31,29) (30,29) 10
(31,29) (32,29) 10
(32,29) (31,29) 10
(32,29) (33,29) 10
(33,29) (32,29) 10
(33,29) (34,29) 10
(34,29) (33,29) 10
(34,29) (35,29) 10
(35,29) (34,29) 10
(35,29) (36,29) 10
(36,29) (35,29) 10
(36,29) (37,29) 10
(37,29) (36,29) 10
(37,29) (38,29) 10
(38,29) (37,29) 10
(38,29) (39,29) 10
(39,29) (38,29) 10
(39,29) (40,29) 10
(40,29) (39,29) 10
(1,30) (2,30) 10
(2,30) (1,30) 10
(2,30) (3,30) 10
(3,30) (2,30) 10
(3,30) (4,30) 10
(4,30) (3,30) 10
(4,30) (5,30) 10
(5,30) (4,30) 10
(5,30) (6,30) 10
(6,30) (5,30) 10
(6,30) (7,30) 10
(7,30) (6,30) 10
(7,30) (8,30) 10
(8,30) (7,30) 10
(8,30) (9,30) 10
(9,30) (8,30) 10
(9,30) (10,30) 10
(10,30) (9,30) 10
(10,30) (11,30) 10
(11,30) (10,30) 10
(11,30) (12,30) 10
(12,30) (11,30) 10
(12,30) (13,30) 10
(13,30) (12,30) 10
(13,30) (14,30) 10
(14,30) (13,30) 10
(14,30) (15,30) 10
(15,30) (14,30) 10
(15,30) (16,30) 10
(16,30) (15,30) 10
(16,30) (17,30) 10
(17,30) (16,30) 10
(17,30) (18,30) 10
(18,30) (17,30) 10
(18,30) (19,30) 10
(19,30) (18,30) 10
(19,30) (20,30) 10
(20,30) (19,30) 10
(20,30) (21,30) 10
(21,30) (20,30) 10
(21,30) (22,30) 10
(22,30) (21,30) 10
(22,30) (23,30) 10
(23,30) (22,30) 10
(23,30) (24,30) 10
(24,30) (23,30) 10
(24,30) (25,30) 10
(25,30) (24,30) 10
(25,30) (26,30) 10
(26,30) (25,30) 10
(26,30) (27,30) 10
(27,30) (26,30) 10
(27,30) (28,30) 10
(28,30) (27,30) 10
(28,30) (29,30) 10
(29,30) (28,30) 10
(29,30) (30,30) 10
(30,30) (29,30) 10
(30,30) (31,30) 10
(31,30) (30,30) 10
(31,30) (32,30) 10
(32,30) (31,30) 10
(32,30) (33,30) 10
(33,30) (32,30) 10
(33,30) (34,30) 10
(34,30) (33,30) 10
(34,30) (35,30) 10
(35,30) (34,30) 10
(35,30) (36,30) 10
(36,30) (35,30) 10
(36,30) (37,30) 10
(37,30) (36,30) 10
(37,30) (38,30) 10
(38,30) (37,30) 10
(38,30) (39,30) 10
(39,30) (38,30) 10
(39,30) (40,30) 10
(40,30) (39,30) 10
(1,31) (2,31) 10
(2,31) (1,31) 10
(2,31) (3,31) 10
(3,31) (2,31) 10
(3,31) (4,31) 10
(4,31) (3,31) 10
(4,31) (5,31) 10
(5,31) (4,31) 10
(5,31) (6,31) 10
(6,31) (5,31) 10
(6,31) (7,31) 10
(7,31) (6,31) 10
(7,31) (8,31) 10
(8,31) (7,31) 10
(8,31) (9,31) 10
(9,31) (8,31) 10
(9,31) (10,31) 10
(10,31) (9,31) 10
(10,31) (11,31) 10
(11,31) (10,31) 10
(11,31) (12,31) 10
(12,31) (11,31) 10
(12,31) (13,31) 10
(13,31) (12,31) 10
(13,31) (14,31) 10
(14,31) (13,31) 10
(14,31) (15,31) 10
(15,31) (14,31) 10
(15,31) (16,31) 10
(16,31) (15,31) 10
(16,31) (17,31) 10
(17,31) (16,31) 10
(17,31) (18,31) 10
(18,31) (17,31) 10
(18,31) (19,31) 10
(19,31) (18,31) 10
(19,31) (20,31) 10
(20,31) (19,31) 10
(20,31) (21,31) 10
(21,31) (20,31) 10
(21,31) (22,31) 10
(22,31) (21,31) 10
(22,31) (23,31) 10
(23,31) (22,31) 10
(23,31) (24,31) 10
(24,31) (23,31) 10
(24,31) (25,31) 10
(25,31) (24,31) 10
(25,31) (26,31) 10
(26,31) (25,31) 10
(26,31) (27,31) 10
(27,31) (26,31) 10
(27,31) (28,31) 10
(28,31) (27,31) 10
(28,31) (29,31) 10
(29,31) (28,31) 10
(29,31) (30,31) 10
(30,31) (29,31) 10
(30,31) (31,31) 10
(31,31) (30,31) 10
(31,31) (32,31) 10
(32,31) (31,31) 10
(32,31) (33,31) 10
(33,31) (32,31) 10
(33,31) (34,31) 10
(34,31) (33,31) 10
(34,31) (35,31) 10
(35,31) (34,31) 10
(35,31) (36,31) 10
(36,31) (35,31) 10
(36,31) (37,31) 10
(37,31) (36,31) 10
(37,31) (38,31) 10
(38,31) (37,31) 10
(38,31) (39,31) 10
(39,31) (38,31) 10
(39,31) (40,31) 10
(40,31) (39,31) 10
(1,32) (2,32) 10
(2,32) (1,32) 10
(2,32) (3,32) 10
(3,32) (2,32) 10
(3,32) (4,32) 10
(4,32) (3,32) 10
(4,32) (5,32) 10
(5,32) (4,32) 10
(5,32) (6,32) 10
(6,32) (5,32) 10
(6,32) (7,32) 10
(7,32) (6,32) 10
(7,32) (8,32) 10
(8,32) (7,32) 10
(8,32) (9,32) 10
(9,32) (8,32) 10
(9,32) (10,32) 10
(10,32) (9,32) 10
(10,32) (11,32) 10
(11,32) (10,32) 10
(11,32) (12,32) 10
(12,32) (11,32) 10
(12,32) (13,32) 10
(13,32) (12,32) 10
(13,32) (14,32) 10
(14,32) (13,32) 10
(14,32) (15,32) 10
(15,32) (14,32) 10
(15,32) (16,32) 10
(16,32) (15,32) 10
(16,32) (17,32) 10
(17,32) (16,32) 10
(17,32) (18,32) 10
(18,32) (17,32) 10
(18,32) (19,32) 10
(19,32) (18,32) 10
(19,32) (20,32) 10
(20,32) (19,32) 10
(20,32) (21,32) 10
(21,32) (20,32) 10
(21,32) (22,32) 10
(22,32) (21,32) 10
(22,32) (23,32) 10
(23,32) (22,32) 10
(23,32) (24,32) 10
(24,32) (23,32) 10
(24,32) (25,32) 10
(25,32) (24,32) 10
(25,32) (26,32) 10
(26,32) (25,32) 10
(26,32) (27,32) 10
(27,32) (26,32) 10
(27,32) (28,32) 10
(28,32) (27,32) 10
(28,32) (29,32) 10
(29,32) (28,32) 10
(29,32) (30,32) 10
(30,32) (29,32) 10
(30,32) (31,32) 10
(31,32) (30,32) 10
(31,32) (32,32) 10
(32,32) (31,32) 10
(32,32) (33,32) 10
(33,32) (32,32) 10
(33,32) (34,32) 10
(34,32) (33,32) 10
(34,32) (35,32) 10
(35,32) (34,32) 10
(35,32) (36,32) 10
(36,32) (35,32) 10
(36,32) (37,32) 10
(37,32) (36,32) 10
(37,32) (38,32) 10
(38,32) (37,32) 10
(38,32) (39,32) 10
(39,32) (38,32) 10
(39,32) (40,32) 10
(40,32) (39,32) 10
(1,33) (2,33) 10
(2,33) (1,33) 10
(2,33) (3,33) 10
(3,33) (2,33) 10
(3,33) (4,33) 10
(4,33) (3,33) 10
(4,33) (5,33) 10
(5,33) (4,33) 10
(5,33) (6,33) 10
(6,33) (5,33) 10
(6,33) (7,33) 10
(7,33) (6,33) 10
(7,33) (8,33) 10
(8,33) (7,33) 10
(8,33) (9,33) 10
(9,33) (8,33) 10
(9,33) (10,33) 10
(10,33) (9,33) 10
(10,33) (11,33) 10
(11,33) (10,33) 10
(11,33) (12,33) 10
(12,33) (11,33) 10
(12,33) (13,33) 10
(13,33) (12,33) 10
(13,33) (14,33) 10
(14,33) (13,33) 10
(14,33) (15,33) 10
(15,33) (14,33) 10
(15,33) (16,33) 10
(16,33) (15,33) 10
(16,33) (17,33) 10
(17,33) (16,33) 10
(17,33) (18,33) 10
(18,33) (17,33) 10
(18,33) (19,33) 10
(19,33) (18,33) 10
(19,33) (20,33) 10
(20,33) (19,33) 10
(20,33) (21,33) 10
(21,33) (20,33) 10
(21,33) (22,33) 10
(22,33) (21,33) 10
(22,33) (23,33) 10
(23,33) (22,33) 10
(23,33) (24,33) 10
(24,33) (23,33) 10
(24,33) (25,33) 10
(25,33) (24,33) 10
(25,33) (26,33) 10
(26,33) (25,33) 10
(26,33) (27,33) 10
(27,33) (26,33) 10
(27,33) (28,33) 10
(28,33) (27,33) 10
(28,33) (29,33) 10
(29,33) (28,33) 10
(29,33) (30,33) 10
(30,33) (29,33) 10
(30,33) (31,33) 10
(31,33) (30,33) 10
(31,33) (32,33) 10
(32,33) (31,33) 10
(32,33) (33,33) 10
(33,33) (32,33) 10
(33,33) (34,33) 10
(34,33) (33,33) 10
(34,33) (35,33) 10
(35,33) (34,33) 10
(35,33) (36,33) 10
(36,33) (35,33) 10
(36,33) (37,33) 10
(37,33) (36,33) 10
(37,33) (38,33) 10
(38,33) (37,33) 10
(38,33) (39,33) 10
(39,33) (38,33) 10
(39,33) (40,33) 10
(40,33) (39,33) 10
(1,34) (2,34) 10
(2,34) (1,34) 10
(2,34) (3,34) 10
(3,34) (2,34) 10
(3,34) (4,34) 10
(4,34) (3,34) 10
(4,34) (5,34) 10
(5,34) (4,34) 10
(5,34) (6,34) 10
(6,34) (5,34) 10
(6,34) (7,34) 10
(7,34) (6,34) 10
(7,34) (8,34) 10
(8,34) (7,34) 10
(8,34) (9,34) 10
(9,34) (8,34) 10
(9,34) (10,34) 10
(10,34) (9,34) 10
(10,34) (11,34) 10
(11,34) (10,34) 10
(11,34) (12,34) 10
(12,34) (11,34) 10
(12,34) (13,34) 10
(13,34) (12,34) 10
(13,34) (14,34) 10
(14,34) (13,34) 10
(14,34) (15,34) 10
(15,34) (14,34) 10
(15,34) (16,34) 10
(16,34) (15,34) 10
(16,34) (17,34) 10
(17,34) (16,34) 10
(17,34) (18,34) 10
(18,34) (17,34) 10
(18,34) (19,34) 10
(19,34) (18,34) 10
(19,34) (20,34) 10
(20,34) (19,34) 10
(20,34) (21,34) 10
(21,34) (20,34) 10
(21,34) (22,34) 10
(22,34) (21,34) 10
(22,34) (23,34) 10
(23,34) (22,34) 10
(23,34) (24,34) 10
(24,34) (23,34) 10
(24,34) (25,34) 10
(25,34) (24,34) 10
(25,34) (26,34) 10
(26,34) (25,34) 10
(26,34) (27,34) 10
(27,34) (26,34) 10
(27,34) (28,34) 10
(28,34) (27,34) 10
(28,34) (29,34) 10
(29,34) (28,34) 10
(29,34) (30,34) 10
(30,34) (29,34) 10
(30,34) (31,34) 10
(31,34) (30,34) 10
(31,34) (32,34) 10
(32,34) (31,34) 10
(32,34) (33,34) 10
(33,34) (32,34) 10
(33,34) (34,34) 10
(34,34) (33,34) 10
(34,34) (35,34) 10
(35,34) (34,34) 10
(35,34) (36,34) 10
(36,34) (35,34) 10
(36,34) (37,34) 10
(37,34) (36,34) 10
(37,34) (38,34) 10
(38,34) (37,34) 10
(38,34) (39,34) 10
(39,34) (38,34) 10
(39,34) (40,34) 10
(40,34) (39,34) 10
(1,35) (2,35) 10
(2,35) (1,35) 10
(2,35) (3,35) 10
(3,35) (2,35) 10
(3,35) (4,35) 10
(4,35) (3,35) 10
(4,35) (5,35) 10
(5,35) (4,35) 10
(5,35) (6,35) 10
(6,35) (5,35) 10
(6,35) (7,35) 10
(7,35) (6,35) 10
(7,35) (8,35) 10
(8,35) (7,35) 10
(8,35) (9,35) 10
(9,35) (8,35) 10
(9,35) (10,35) 10
(10,35) (9,35) 10
(10,35) (11,35) 10
(11,35) (10,35) 10
(11,35) (12,35) 10
(12,35) (11,35) 10
(12,35) (13,35) 10
(13,35) (12,35) 10
(13,35) (14,35) 10
(14,35) (13,35) 10
(14,35) (15,35) 10
(15,35) (14,35) 10
(15,35) (16,35) 10
(16,35) (15,35) 10
(16,35) (17,35) 10
(17,35) (16,35) 10
(17,35) (18,35) 10
(18,35) (17,35) 10
(18,35) (19,35) 10
(19,35) (18,35) 10
(19,35) (20,35) 10
(20,35) (19,35) 10
(20,35) (21,35) 10
(21,35) (20,35) 10
(21,35) (22,35) 10
(22,35) (21,35) 10
(22,35) (23,35) 10
(23,35) (22,35) 10
(23,35) (24,35) 10
(24,35) (23,35) 10
(24,35) (25,35) 10
(25,35) (24,35) 10
(25,35) (26,35) 10
(26,35) (25,35) 10
(26,35) (27,35) 10
(27,35) (26,35) 10
(27,35) (28,35) 10
(28,35) (27,35) 10
(28,35) (29,35) 10
(29,35) (28,35) 10
(29,35) (30,35) 10
(30,35) (29,35) 10
(30,35) (31,35) 10
(31,35) (30,35) 10
(31,35) (32,35) 10
(32,35) (31,35) 10
(32,35) (33,35) 10
(33,35) (32,35) 10
(33,35) (34,35) 10
(34,35) (33,35) 10
(34,35) (35,35) 10
(35,35) (34,35) 10
(35,35) (36,35) 10
(36,35) (35,35) 10
(36,35) (37,35) 10
(37,35) (36,35) 10
(37,35) (38,35) 10
(38,35) (37,35) 10
(38,35) (39,35) 10
(39,35) (38,35) 10
(39,35) (40,35) 10
(40,35) (39,35) 10
(1,36) (2,36) 10
(2,36) (1,36) 10
(2,36) (3,36) 10
(3,36) (2,36) 10
(3,36) (4,36) 10
(4,36) (3,36) 10
(4,36) (5,36) 10
(5,36) (4,36) 10
(5,36) (6,36) 10
(6,36) (5,36) 10
(6,36) (7,36) 10
(7,36) (6,36) 10
(7,36) (8,36) 10
(8,36) (7,36) 10
(8,36) (9,36) 10
(9,36) (8,36) 10
(9,36) (10,36) 10
(10,36) (9,36) 10
(10,36) (11,36) 10
(11,36) (10,36) 10
(11,36) (12,36) 10
(12,36) (11,36) 10
(12,36) (13,36) 10
(13,36) (12,36) 10
(13,36) (14,36) 10
(14,36) (13,36) 10
(14,36) (15,36) 10
(15,36) (14,36) 10
(15,36) (16,36) 10
(16,36) (15,36) 10
(16,36) (17,36) 10
(17,36) (16,36) 10
(17,36) (18,36) 10
(18,36) (17,36) 10
(18,36) (19,36) 10
(19,36) (18,36) 10
(19,36) (20,36) 10
(20,36) (19,36) 10
(20,36) (21,36) 10
(21,36) (20,36) 10
(21,36) (22,36) 10
(22,36) (21,36) 10
(22,36) (23,36) 10
(23,36) (22,36) 10
(23,36) (24,36) 10
(24,36) (23,36) 10
(24,36) (25,36) 10
(25,36) (24,36) 10
(25,36) (26,36) 10
(26,36) (25,36) 10
(26,36) (27,36) 10
(27,36) (26,36) 10
(27,36) (28,36) 10
(28,36) (27,36) 10
(28,36) (29,36) 10
(29,36) (28,36) 10
(29,36) (30,36) 10
(30,36) (29,36) 10
(30,36) (31,36) 10
(31,36) (30,36) 10
(31,36) (32,36) 10
(32,36) (31,36) 10
(32,36) (33,36) 10
(33,36) (32,36) 10
(33,36) (34,36) 10
(34,36) (33,36) 10
(34,36) (35,36) 10
(35,36) (34,36) 10
(35,36) (36,36) 10
(36,36) (35,36) 10
(36,36) (37,36) 10
(37,36) (36,36) 10
(37,36) (38,36) 10
(38,36) (37,36) 10
(38,36) (39,36) 10
(39,36) (38,36) 10
(39,36) (40,36) 10
(40,36) (39,36) 10
(1,37) (2,37) 10
(2,37) (1,37) 10
(2,37) (3,37) 10
(3,37) (2,37) 10
(3,37) (4,37) 10
(4,37) (3,37) 10
(4,37) (5,37) 10
(5,37) (4,37) 10
(5,37) (6,37) 10
(6,37) (5,37) 10
(6,37) (7,37) 10
(7,37) (6,37) 10
(7,37) (8,37) 10
(8,37) (7,37) 10
(8,37) (9,37) 10
(9,37) (8,37) 10
(9,37) (10,37) 10
(10,37) (9,37) 10
(10,37) (11,37) 10
(11,37) (10,37) 10
(11,37) (12,37) 10
(12,37) (11,37) 10
(12,37) (13,37) 10
(13,37) (12,37) 10
(13,37) (14,37) 10
(14,37) (13,37) 10
(14,37) (15,37) 10
(15,37) (14,37) 10
(15,37) (16,37) 10
(16,37) (15,37) 10
(16,37) (17,37) 10
(17,37) (16,37) 10
(17,37) (18,37) 10
(18,37) (17,37) 10
(18,37) (19,37) 10
(19,37) (18,37) 10
(19,37) (20,37) 10
(20,37) (19,37) 10
(20,37) (21,37) 10
(21,37) (20,37) 10
(21,37) (22,37) 10
(22,37) (21,37) 10
(22,37) (23,37) 10
(23,37) (22,37) 10
(23,37) (24,37) 10
(24,37) (23,37) 10
(24,37) (25,37) 10
(25,37) (24,37) 10
(25,37) (26,37) 10
(26,37) (25,37) 10
(26,37) (27,37) 10
(27,37) (26,37) 10
(27,37) (28,37) 10
(28,37) (27,37) 10
(28,37) (29,37) 10
(29,37) (28,37) 10
(29,37) (30,37) 10
(30,37) (29,37) 10
(30,37) (31,37) 10
(31,37) (30,37) 10
(31,37) (32,37) 10
(32,37) (31,37) 10
(32,37) (33,37) 10
(33,37) (32,37) 10
(33,37) (34,37) 10
(34,37) (33,37) 10
(34,37) (35,37) 10
(35,37) (34,37) 10
(35,37) (36,37) 10
(36,37) (35,37) 10
(36,37) (37,37) 10
(37,37) (36,37) 10
(37,37) (38,37) 10
(38,37) (37,37) 10
(38,37) (39,37) 10
(39,37) (38,37) 10
(39,37) (40,37) 10
(40,37) (39,37) 10
(1,38) (2,38) 10
(2,38) (1,38) 10
(2,38) (3,38) 10
(3,38) (2,38) 10
(3,38) (4,38) 10
(4,38) (3,38) 10
(4,38) (5,38) 10
(5,38) (4,38) 10
(5,38) (6,38) 10
(6,38) (5,38) 10
(6,38) (7,38) 10
(7,38) (6,38) 10
(7,38) (8,38) 10
(8,38) (7,38) 10
(8,38) (9,38) 10
(9,38) (8,38) 10
(9,38) (10,38) 10
(10,38) (9,38) 10
(10,38) (11,38) 10
(11,38) (10,38) 10
(11,38) (12,38) 10
(12,38) (11,38) 10
(12,38) (13,38) 10
(13,38) (12,38) 10
(13,38) (14,38) 10
(14,38) (13,38) 10
(14,38) (15,38) 10
(15,38) (14,38) 10
(15,38) (16,38) 10
(16,38) (15,38) 10
(16,38) (17,38) 10
(17,38) (16,38) 10
(17,38) (18,38) 10
(18,38) (17,38) 10
(18,38) (19,38) 10
(19,38) (18,38) 10
(19,38) (20,38) 10
(20,38) (19,38) 10
(20,38) (21,38) 10
(21,38) (20,38) 10
(21,38) (22,38) 10
(22,38) (21,38) 10
(22,38) (23,38) 10
(23,38) (22,38) 10
(23,38) (24,38) 10
(24,38) (23,38) 10
(24,38) (25,38) 10
(25,38) (24,38) 10
(25,38) (26,38) 10
(26,38) (25,38) 10
(26,38) (27,38) 10
(27,38) (26,38) 10
(27,38) (28,38) 10
(28,38) (27,38) 10
(28,38) (29,38) 10
(29,38) (28,38) 10
(29,38) (30,38) 10
(30,38) (29,38) 10
(30,38) (31,38) 10
(31,38) (30,38) 10
(31,38) (32,38) 10
(32,38) (31,38) 10
(32,38) (33,38) 10
(33,38) (32,38) 10
(33,38) (34,38) 10
(34,38) (33,38) 10
(34,38) (35,38) 10
(35,38) (34,38) 10
(35,38) (36,38) 10
(36,38) (35,38) 10
(36,38) (37,38) 10
(37,38) (36,38) 10
(37,38) (38,38) 10
(38,38) (37,38) 10
(38,38) (39,38) 10
(39,38) (38,38) 10
(39,38) (40,38) 10
(40,38) (39,38) 10
(1,39) (2,39) 10
(2,39) (1,39) 10
(2,39) (3,39) 10
(3,39) (2,39) 10
(3,39) (4,39) 10
(4,39) (3,39) 10
(4,39) (5,39) 10
(5,39) (4,39) 10
(5,39) (6,39) 10
(6,39) (5,39) 10
(6,39) (7,39) 10
(7,39) (6,39) 10
(7,39) (8,39) 10
(8,39) (7,39) 10
(8,39) (9,39) 10
(9,39) (8,39) 10
(9,39) (10,39) 10
(10,39) (9,39) 10
(10,39) (11,39) 10
(11,39) (10,39) 10
(11,39) (12,39) 10
(12,39) (11,39) 10
(12,39) (13,39) 10
(13,39) (12,39) 10
(13,39) (14,39) 10
(14,39) (13,39) 10
(14,39) (15,39) 10
(15,39) (14,39) 10
(15,39) (16,39) 10
(16,39) (15,39) 10
(16,39) (17,39) 10
(17,39) (16,39) 10
(17,39) (18,39) 10
(18,39) (17,39) 10
(18,39) (19,39) 10
(19,39) (18,39) 10
(19,39) (20,39) 10
(20,39) (19,39) 10
(20,39) (21,39) 10
(21,39) (20,39) 10
(21,39) (22,39) 10
(22,39) (21,39) 10
(22,39) (23,39) 10
(23,39) (22,39) 10
(23,39) (24,39) 10
(24,39) (23,39) 10
(24,39) (25,39) 10
(25,39) (24,39) 10
(25,39) (26,39) 10
(26,39) (25,39) 10
(26,39) (27,39) 10
(27,39) (26,39) 10
(27,39) (28,39) 10
(28,39) (27,39) 10
(28,39) (29,39) 10
(29,39) (28,39) 10
(29,39) (30,39) 10
(30,39) (29,39) 10
(30,39) (31,39) 10
(31,39) (30,39) 10
(31,39) (32,39) 10
(32,39) (31,39) 10
(32,39) (33,39) 10
(33,39) (32,39) 10
(33,39) (34,39) 10
(34,39) (33,39) 10
(34,39) (35,39) 10
(35,39) (34,39) 10
(35,39) (36,39) 10
(36,39) (35,39) 10
(36,39) (37,39) 10
(37,39) (36,39) 10
(37,39) (38,39) 10
(38,39) (37,39) 10
(38,39) (39,39) 10
(39,39) (38,39) 10
(39,39) (40,39) 10
(40,39) (39,39) 10
(1,40) (2,40) 10
(2,40) (1,40) 10
(2,40) (3,40) 10
(3,40) (2,40) 10
(3,40) (4,40) 10
(4,40) (3,40) 10
(4,40) (5,40) 10
(5,40) (4,40) 10
(5,40) (6,40) 10
(6,40) (5,40) 10
(6,40) (7,40) 10
(7,40) (6,40) 10
(7,40) (8,40) 10
(8,40) (7,40) 10
(8,40) (9,40) 10
(9,40) (8,40) 10
(9,40) (10,40) 10
(10,40) (9,40) 10
(10,40) (11,40) 10
(11,40) (10,40) 10
(11,40) (12,40) 10
(12,40) (11,40) 10
(12,40) (13,40) 10
(13,40) (12,40) 10
(13,40) (14,40) 10
(14,40) (13,40) 10
(14,40) (15,40) 10
(15,40) (14,40) 10
(15,40) (16,40) 10
(16,40) (15,40) 10
(16,40) (17,40) 10
(17,40) (16,40) 10
(17,40) (18,40) 10
(18,40) (17,40) 10
(18,40) (19,40) 10
(19,40) (18,40) 10
(19,40) (20,40) 10
(20,40) (19,40) 10
(20,40) (21,40) 10
(21,40) (20,40) 10
(21,40) (22,40) 10
(22,40) (21,40) 10
(22,40) (23,40) 10
(23,40) (22,40) 10
(23,40) (24,40) 10
(24,40) (23,40) 10
(24,40) (25,40) 10
(25,40) (24,40) 10
(25,40) (26,40) 10
(26,40) (25,40) 10
(26,40) (27,40) 10
(27,40) (26,40) 10
(27,40) (28,40) 10
(28,40) (27,40) 10
(28,40) (29,40) 10
(29,40) (28,40) 10
(29,40) (30,40) 10
(30,40) (29,40) 10
(30,40) (31,40) 10
(31,40) (30,40) 10
(31,40) (32,40) 10
(32,40) (31,40) 10
(32,40) (33,40) 10
(33,40) (32,40) 10
(33,40) (34,40) 10
(34,40) (33,40) 10
(34,40) (35,40) 10
(35,40) (34,40) 10
(35,40) (36,40) 10
(36,40) (35,40) 10
(36,40) (37,40) 10
(37,40) (36,40) 10
(37,40) (38,40) 10
(38,40) (37,40) 10
(38,40) (39,40) 10
(39,40) (38,40) 10
(39,40) (40,40) 10
(40,40) (39,40) 10
(1,40) t 10
(2,40) t 10
(3,40) t 10
(4,40) t 10
(5,40) t 10
(6,40) t 10
(7,40) t 10
(8,40) t 10
(9,40) t 10
(10,40) t 10
(11,40) t 10
(12,40) t 10
(13,40) t 10
(14,40) t 10
(15,40) t 10
(16,40) t 10
(17,40) t 10
(18,40) t 10
(19,40) t 10
(20,40) t 10
(21,40) t 10
(22,40) t 10
(23,40) t 10
(24,40) t 10
(25,40) t 10
(26,40) t 10
(27,40) t 10
(28,40) t 10
(29,40) t 10
(30,40) t 10
(31,40) t 10
(32,40) t 10
(33,40) t 10
(34,40) t 10
(35,40) t 10
(36,40) t 10
(37,40) t 10
(38,40) t 10
(39,40) t 10
(40,40) t 10
